0	1
0.0409665	1.02867
0.0819231	1.05732
0.12287	1.08595
0.163807	1.11457
0.204734	1.14317
0.245651	1.17176
0.286559	1.20033
0.327456	1.22888
0.368344	1.25742
0.409222	1.28594
0.45009	1.31445
0.490949	1.34294
0.531797	1.37141
0.572636	1.39987
0.613465	1.42831
0.654284	1.45674
0.695094	1.48515
0.735893	1.51354
0.776683	1.54192
0.817463	1.57029
0.858234	1.59863
0.898994	1.62696
0.939745	1.65528
0.980486	1.68358
1.02122	1.71186
1.06194	1.74013
1.10265	1.76838
1.14335	1.79661
1.18405	1.82483
1.22473	1.85304
1.2654	1.88123
1.30606	1.9094
1.34672	1.93755
1.38736	1.96569
1.42799	1.99382
1.46862	2.02193
1.50923	2.05002
1.54984	2.0781
1.59043	2.10616
1.63102	2.1342
1.67159	2.16223
1.71216	2.19024
1.75272	2.21824
1.79326	2.24622
1.8338	2.27419
1.87433	2.30214
1.91485	2.33007
1.95535	2.35799
1.99585	2.3859
2.03634	2.41378
2.07682	2.44165
2.11729	2.46951
2.15775	2.49735
2.1982	2.52517
2.23864	2.55298
2.27907	2.58077
2.31949	2.60855
2.3599	2.63631
2.40031	2.66406
2.4407	2.69179
2.48108	2.7195
2.52146	2.7472
2.56182	2.77488
2.60217	2.80255
2.64252	2.8302
2.68285	2.85783
2.72318	2.88545
2.76349	2.91305
2.8038	2.94064
2.8441	2.96821
2.88438	2.99577
2.92466	3.02331
2.96493	3.05084
3.00519	3.07835
3.04543	3.10584
3.08567	3.13332
3.1259	3.16078
3.16612	3.18823
3.20633	3.21566
3.24653	3.24307
3.28673	3.27047
3.32691	3.29786
3.36708	3.32523
3.40724	3.35258
3.4474	3.37992
3.48754	3.40724
3.52767	3.43454
3.5678	3.46183
3.60791	3.48911
3.64802	3.51637
3.68812	3.54361
3.7282	3.57084
3.76828	3.59805
3.80835	3.62525
3.84841	3.65243
3.88845	3.67959
3.92849	3.70674
3.96852	3.73388
4.00854	3.761
4.04856	3.7881
4.08856	3.81519
4.12855	3.84226
4.16853	3.86932
4.2085	3.89636
4.24847	3.92338
4.28842	3.95039
4.32837	3.97739
4.3683	4.00437
4.40823	4.03133
4.44814	4.05828
4.48805	4.08521
4.52795	4.11212
4.56784	4.13903
4.60772	4.16591
4.64759	4.19278
4.68745	4.21964
4.7273	4.24648
4.76714	4.2733
4.80697	4.30011
4.84679	4.3269
4.8866	4.35368
4.92641	4.38044
4.9662	4.40718
5.00599	4.43392
5.04576	4.46063
5.08553	4.48733
5.12528	4.51402
5.16503	4.54068
5.20477	4.56734
5.2445	4.59398
5.28422	4.6206
5.32393	4.64721
5.36363	4.6738
5.40332	4.70037
5.443	4.72693
5.48267	4.75348
5.52234	4.78001
5.56199	4.80652
5.60163	4.83302
5.64127	4.85951
5.6809	4.88598
5.72051	4.91243
5.76012	4.93887
5.79972	4.96529
5.83931	4.9917
5.87889	5.01809
5.91846	5.04446
5.95802	5.07082
5.99757	5.09717
6.03711	5.1235
6.07664	5.14981
6.11617	5.17611
6.15568	5.2024
6.19518	5.22867
6.23468	5.25492
6.27417	5.28116
6.31364	5.30738
6.35311	5.33359
6.39257	5.35978
6.43202	5.38596
6.47146	5.41212
6.51089	5.43826
6.55031	5.46439
6.58972	5.49051
6.62913	5.51661
6.66852	5.54269
6.70791	5.56876
6.74728	5.59482
6.78665	5.62086
6.826	5.64688
6.86535	5.67289
6.90469	5.69888
6.94402	5.72486
6.98334	5.75082
7.02265	5.77677
7.06195	5.8027
7.10125	5.82862
7.14053	5.85452
7.1798	5.88041
7.21907	5.90628
7.25832	5.93213
7.29757	5.95797
7.33681	5.9838
7.37604	6.00961
7.41525	6.0354
7.45446	6.06118
7.49366	6.08695
7.53286	6.1127
7.57204	6.13843
7.61121	6.16415
7.65038	6.18986
7.68953	6.21554
7.72868	6.24122
7.76781	6.26688
7.80694	6.29252
7.84606	6.31815
7.88517	6.34376
7.92427	6.36936
7.96336	6.39494
8.00244	6.42051
8.04151	6.44606
8.08058	6.47159
8.11963	6.49712
8.15867	6.52262
8.19771	6.54811
8.23674	6.57359
8.27576	6.59905
8.31476	6.6245
8.35376	6.64993
8.39275	6.67534
8.43174	6.70074
8.47071	6.72613
8.50967	6.7515
8.54863	6.77685
8.58757	6.80219
8.62651	6.82752
8.66543	6.85283
8.70435	6.87812
8.74326	6.9034
8.78216	6.92867
8.82105	6.95392
8.85993	6.97915
8.8988	7.00437
8.93767	7.02958
8.97652	7.05477
9.01537	7.07994
9.0542	7.1051
9.09303	7.13024
9.13185	7.15537
9.17066	7.18049
9.20946	7.20559
9.24825	7.23067
9.28703	7.25574
9.32581	7.28079
9.36457	7.30583
9.40332	7.33086
9.44207	7.35586
9.48081	7.38086
9.51954	7.40584
9.55825	7.4308
9.59696	7.45575
9.63566	7.48068
9.67436	7.5056
9.71304	7.53051
9.75171	7.55539
9.79038	7.58027
9.82903	7.60513
9.86768	7.62997
9.90632	7.6548
9.94495	7.67961
9.98357	7.70441
10.0222	7.7292
10.0608	7.75396
10.0994	7.77872
10.138	7.80346
10.1765	7.82818
10.2151	7.85289
10.2537	7.87759
10.2922	7.90226
10.3307	7.92693
10.3693	7.95158
10.4078	7.97621
10.4463	8.00083
10.4848	8.02544
10.5233	8.05003
10.5618	8.0746
10.6003	8.09916
10.6387	8.12371
10.6772	8.14824
10.7156	8.17275
10.7541	8.19725
10.7925	8.22174
10.8309	8.24621
10.8694	8.27066
10.9078	8.2951
10.9462	8.31953
10.9845	8.34394
11.0229	8.36834
11.0613	8.39272
11.0997	8.41708
11.138	8.44143
11.1763	8.46577
11.2147	8.49009
11.253	8.5144
11.2913	8.53869
11.3296	8.56297
11.3679	8.58723
11.4062	8.61148
11.4445	8.63571
11.4828	8.65993
11.521	8.68413
11.5593	8.70832
11.5975	8.73249
11.6358	8.75665
11.674	8.7808
11.7122	8.80493
11.7504	8.82904
11.7886	8.85314
11.8268	8.87722
11.865	8.90129
11.9032	8.92535
11.9413	8.94939
11.9795	8.97341
12.0177	8.99742
12.0558	9.02142
12.0939	9.0454
12.132	9.06937
12.1702	9.09332
12.2083	9.11726
12.2464	9.14118
12.2844	9.16509
12.3225	9.18898
12.3606	9.21286
12.3986	9.23672
12.4367	9.26057
12.4747	9.2844
12.5128	9.30822
12.5508	9.33202
12.5888	9.35581
12.6268	9.37959
12.6648	9.40335
12.7028	9.42709
12.7408	9.45082
12.7788	9.47454
12.8167	9.49824
12.8547	9.52193
12.8926	9.5456
12.9306	9.56925
12.9685	9.5929
13.0064	9.61652
13.0443	9.64014
13.0822	9.66374
13.1201	9.68732
13.158	9.71089
13.1959	9.73444
13.2337	9.75798
13.2716	9.78151
13.3094	9.80502
13.3473	9.82851
13.3851	9.85199
13.4229	9.87546
13.4607	9.89891
13.4986	9.92235
13.5364	9.94577
13.5741	9.96918
13.6119	9.99257
13.6497	10.0159
13.6875	10.0393
13.7252	10.0627
13.7629	10.086
13.8007	10.1093
13.8384	10.1326
13.8761	10.1559
13.9138	10.1792
13.9515	10.2024
13.9892	10.2257
14.0269	10.2489
14.0646	10.2721
14.1023	10.2953
14.1399	10.3185
14.1776	10.3417
14.2152	10.3649
14.2528	10.388
14.2905	10.4111
14.3281	10.4343
14.3657	10.4574
14.4033	10.4804
14.4409	10.5035
14.4784	10.5266
14.516	10.5496
14.5536	10.5726
14.5911	10.5957
14.6287	10.6187
14.6662	10.6416
14.7037	10.6646
14.7412	10.6876
14.7787	10.7105
14.8163	10.7334
14.8537	10.7563
14.8912	10.7792
14.9287	10.8021
14.9662	10.825
15.0036	10.8478
15.0411	10.8707
15.0785	10.8935
15.1159	10.9163
15.1534	10.9391
15.1908	10.9619
15.2282	10.9847
15.2656	11.0074
15.303	11.0302
15.3404	11.0529
15.3777	11.0756
15.4151	11.0983
15.4524	11.121
15.4898	11.1436
15.5271	11.1663
15.5645	11.1889
15.6018	11.2115
15.6391	11.2341
15.6764	11.2567
15.7137	11.2793
15.751	11.3019
15.7882	11.3244
15.8255	11.347
15.8628	11.3695
15.9	11.392
15.9373	11.4145
15.9745	11.437
16.0117	11.4594
16.0489	11.4819
16.0861	11.5043
16.1233	11.5267
16.1605	11.5491
16.1977	11.5715
16.2349	11.5939
16.272	11.6163
16.3092	11.6386
16.3464	11.6609
16.3835	11.6833
16.4206	11.7056
16.4577	11.7278
16.4949	11.7501
16.532	11.7724
16.5691	11.7946
16.6061	11.8169
16.6432	11.8391
16.6803	11.8613
16.7174	11.8835
16.7544	11.9056
16.7915	11.9278
16.8285	11.95
16.8655	11.9721
16.9025	11.9942
16.9395	12.0163
16.9765	12.0384
17.0135	12.0605
17.0505	12.0825
17.0875	12.1046
17.1245	12.1266
17.1614	12.1486
17.1984	12.1706
17.2353	12.1926
17.2723	12.2146
17.3092	12.2365
17.3461	12.2585
17.383	12.2804
17.4199	12.3023
17.4568	12.3242
17.4937	12.3461
17.5306	12.368
17.5674	12.3899
17.6043	12.4117
17.6411	12.4335
17.678	12.4554
17.7148	12.4772
17.7516	12.4989
17.7884	12.5207
17.8252	12.5425
17.862	12.5642
17.8988	12.586
17.9356	12.6077
17.9724	12.6294
18.0091	12.6511
18.0459	12.6727
18.0826	12.6944
18.1194	12.716
18.1561	12.7377
18.1928	12.7593
18.2295	12.7809
18.2662	12.8025
18.3029	12.8241
18.3396	12.8456
18.3763	12.8672
18.413	12.8887
18.4496	12.9102
18.4863	12.9317
18.5229	12.9532
18.5596	12.9747
18.5962	12.9961
18.6328	13.0176
18.6694	13.039
18.706	13.0604
18.7426	13.0818
18.7792	13.1032
18.8158	13.1246
18.8524	13.146
18.8889	13.1673
18.9255	13.1886
18.962	13.21
18.9985	13.2313
19.0351	13.2525
19.0716	13.2738
19.1081	13.2951
19.1446	13.3163
19.1811	13.3376
19.2176	13.3588
19.2541	13.38
19.2905	13.4012
19.327	13.4224
19.3634	13.4435
19.3999	13.4647
19.4363	13.4858
19.4727	13.5069
19.5092	13.528
19.5456	13.5491
19.582	13.5702
19.6184	13.5913
19.6547	13.6123
19.6911	13.6333
19.7275	13.6544
19.7638	13.6754
19.8002	13.6964
19.8365	13.7173
19.8729	13.7383
19.9092	13.7592
19.9455	13.7802
19.9818	13.8011
20.0181	13.822
20.0544	13.8429
20.0907	13.8638
20.1269	13.8847
20.1632	13.9055
20.1995	13.9263
20.2357	13.9472
20.272	13.968
20.3082	13.9888
20.3444	14.0095
20.3806	14.0303
20.4168	14.0511
20.453	14.0718
20.4892	14.0925
20.5254	14.1132
20.5616	14.1339
20.5977	14.1546
20.6339	14.1753
20.67	14.1959
20.7062	14.2166
20.7423	14.2372
20.7784	14.2578
20.8146	14.2784
20.8507	14.299
20.8868	14.3196
20.9228	14.3401
20.9589	14.3607
20.995	14.3812
21.0311	14.4017
21.0671	14.4222
21.1032	14.4427
21.1392	14.4632
21.1752	14.4836
21.2113	14.5041
21.2473	14.5245
21.2833	14.5449
21.3193	14.5653
21.3553	14.5857
21.3912	14.6061
21.4272	14.6264
21.4632	14.6468
21.4991	14.6671
21.5351	14.6874
21.571	14.7077
21.607	14.728
21.6429	14.7483
21.6788	14.7686
21.7147	14.7888
21.7506	14.809
21.7865	14.8293
21.8224	14.8495
21.8582	14.8697
21.8941	14.8898
21.93	14.91
21.9658	14.9302
22.0016	14.9503
22.0375	14.9704
22.0733	14.9905
22.1091	15.0106
22.1449	15.0307
22.1807	15.0508
22.2165	15.0708
22.2523	15.0908
22.2881	15.1109
22.3238	15.1309
22.3596	15.1509
22.3953	15.1709
22.4311	15.1908
22.4668	15.2108
22.5025	15.2307
22.5382	15.2506
22.5739	15.2706
22.6096	15.2905
22.6453	15.3103
22.681	15.3302
22.7167	15.3501
22.7523	15.3699
22.788	15.3897
22.8236	15.4096
22.8593	15.4294
22.8949	15.4492
22.9305	15.4689
22.9662	15.4887
23.0018	15.5084
23.0374	15.5282
23.0729	15.5479
23.1085	15.5676
23.1441	15.5873
23.1797	15.607
23.2152	15.6266
23.2508	15.6463
23.2863	15.6659
23.3218	15.6855
23.3574	15.7051
23.3929	15.7247
23.4284	15.7443
23.4639	15.7639
23.4994	15.7834
23.5349	15.803
23.5703	15.8225
23.6058	15.842
23.6413	15.8615
23.6767	15.881
23.7121	15.9004
23.7476	15.9199
23.783	15.9393
23.8184	15.9588
23.8538	15.9782
23.8892	15.9976
23.9246	16.017
23.96	16.0363
23.9954	16.0557
24.0307	16.075
24.0661	16.0944
24.1014	16.1137
24.1368	16.133
24.1721	16.1523
24.2074	16.1715
24.2428	16.1908
24.2781	16.2101
24.3134	16.2293
24.3487	16.2485
24.3839	16.2677
24.4192	16.2869
24.4545	16.3061
24.4897	16.3252
24.525	16.3444
24.5602	16.3635
24.5955	16.3827
24.6307	16.4018
24.6659	16.4209
24.7011	16.4399
24.7363	16.459
24.7715	16.4781
24.8067	16.4971
24.8419	16.5161
24.877	16.5352
24.9122	16.5542
24.9474	16.5731
24.9825	16.5921
25.0176	16.6111
25.0528	16.63
25.0879	16.6489
25.123	16.6679
25.1581	16.6868
25.1932	16.7057
25.2283	16.7245
25.2634	16.7434
25.2984	16.7622
25.3335	16.7811
25.3685	16.7999
25.4036	16.8187
25.4386	16.8375
25.4736	16.8563
25.5087	16.875
25.5437	16.8938
25.5787	16.9125
25.6137	16.9313
25.6487	16.95
25.6836	16.9687
25.7186	16.9874
25.7536	17.006
25.7885	17.0247
25.8235	17.0433
25.8584	17.062
25.8933	17.0806
25.9283	17.0992
25.9632	17.1178
25.9981	17.1363
26.033	17.1549
26.0679	17.1734
26.1028	17.192
26.1376	17.2105
26.1725	17.229
26.2073	17.2475
26.2422	17.266
26.277	17.2844
26.3119	17.3029
26.3467	17.3213
26.3815	17.3398
26.4163	17.3582
26.4511	17.3766
26.4859	17.3949
26.5207	17.4133
26.5554	17.4317
26.5902	17.45
26.625	17.4683
26.6597	17.4867
26.6945	17.505
26.7292	17.5232
26.7639	17.5415
26.7986	17.5598
26.8333	17.578
26.868	17.5963
26.9027	17.6145
26.9374	17.6327
26.9721	17.6509
27.0068	17.6691
27.0414	17.6872
27.0761	17.7054
27.1107	17.7235
27.1453	17.7416
27.18	17.7598
27.2146	17.7779
27.2492	17.7959
27.2838	17.814
27.3184	17.8321
27.353	17.8501
27.3876	17.8681
27.4221	17.8861
27.4567	17.9042
27.4912	17.9221
27.5258	17.9401
27.5603	17.9581
27.5948	17.976
27.6294	17.994
27.6639	18.0119
27.6984	18.0298
27.7329	18.0477
27.7674	18.0656
27.8018	18.0834
27.8363	18.1013
27.8708	18.1191
27.9052	18.1369
27.9397	18.1548
27.9741	18.1726
28.0085	18.1903
28.043	18.2081
28.0774	18.2259
28.1118	18.2436
28.1462	18.2614
28.1806	18.2791
28.215	18.2968
28.2493	18.3145
28.2837	18.3321
28.318	18.3498
28.3524	18.3675
28.3867	18.3851
28.4211	18.4027
28.4554	18.4203
28.4897	18.4379
28.524	18.4555
28.5583	18.4731
28.5926	18.4906
28.6269	18.5082
28.6612	18.5257
28.6954	18.5432
28.7297	18.5607
28.7639	18.5782
28.7982	18.5957
28.8324	18.6131
28.8666	18.6306
28.9009	18.648
28.9351	18.6654
28.9693	18.6829
29.0035	18.7002
29.0376	18.7176
29.0718	18.735
29.106	18.7523
29.1402	18.7697
29.1743	18.787
29.2084	18.8043
29.2426	18.8216
29.2767	18.8389
29.3108	18.8562
29.3449	18.8734
29.379	18.8907
29.4131	18.9079
29.4472	18.9251
29.4813	18.9423
29.5154	18.9595
29.5494	18.9767
29.5835	18.9939
29.6175	19.011
29.6516	19.0282
29.6856	19.0453
29.7196	19.0624
29.7536	19.0795
29.7877	19.0966
29.8216	19.1137
29.8556	19.1307
29.8896	19.1478
29.9236	19.1648
29.9576	19.1818
29.9915	19.1988
30.0255	19.2158
30.0594	19.2328
30.0933	19.2497
30.1273	19.2667
30.1612	19.2836
30.1951	19.3006
30.229	19.3175
30.2629	19.3344
30.2968	19.3513
30.3306	19.3681
30.3645	19.385
30.3984	19.4018
30.4322	19.4187
30.4661	19.4355
30.4999	19.4523
30.5337	19.4691
30.5675	19.4858
30.6013	19.5026
30.6351	19.5194
30.6689	19.5361
30.7027	19.5528
30.7365	19.5695
30.7703	19.5862
30.804	19.6029
30.8378	19.6196
30.8715	19.6362
30.9053	19.6529
30.939	19.6695
30.9727	19.6861
31.0064	19.7027
31.0401	19.7193
31.0738	19.7359
31.1075	19.7524
31.1412	19.769
31.1749	19.7855
31.2085	19.8021
31.2422	19.8186
31.2758	19.8351
31.3095	19.8515
31.3431	19.868
31.3767	19.8845
31.4103	19.9009
31.444	19.9173
31.4776	19.9338
31.5111	19.9502
31.5447	19.9666
31.5783	19.9829
31.6119	19.9993
31.6454	20.0156
31.679	20.032
31.7125	20.0483
31.7461	20.0646
31.7796	20.0809
31.8131	20.0972
31.8466	20.1135
31.8801	20.1297
31.9136	20.146
31.9471	20.1622
31.9806	20.1784
32.014	20.1946
32.0475	20.2108
32.0809	20.227
32.1144	20.2431
32.1478	20.2593
32.1813	20.2754
32.2147	20.2916
32.2481	20.3077
32.2815	20.3238
32.3149	20.3399
32.3483	20.3559
32.3816	20.372
32.415	20.388
32.4484	20.4041
32.4817	20.4201
32.5151	20.4361
32.5484	20.4521
32.5818	20.4681
32.6151	20.484
32.6484	20.5
32.6817	20.5159
32.715	20.5318
32.7483	20.5477
32.7816	20.5636
32.8148	20.5795
32.8481	20.5954
32.8814	20.6113
32.9146	20.6271
32.9479	20.6429
32.9811	20.6588
33.0143	20.6746
33.0475	20.6904
33.0807	20.7061
33.1139	20.7219
33.1471	20.7377
33.1803	20.7534
33.2135	20.7691
33.2467	20.7848
33.2798	20.8006
33.313	20.8162
33.3461	20.8319
33.3793	20.8476
33.4124	20.8632
33.4455	20.8789
33.4786	20.8945
33.5117	20.9101
33.5448	20.9257
33.5779	20.9413
33.611	20.9568
33.644	20.9724
33.6771	20.9879
33.7102	21.0035
33.7432	21.019
33.7763	21.0345
33.8093	21.05
33.8423	21.0655
33.8753	21.0809
33.9083	21.0964
33.9413	21.1118
33.9743	21.1272
34.0073	21.1426
34.0403	21.158
34.0732	21.1734
34.1062	21.1888
34.1391	21.2042
34.1721	21.2195
34.205	21.2348
34.2379	21.2502
34.2709	21.2655
34.3038	21.2808
34.3367	21.296
34.3696	21.3113
34.4024	21.3266
34.4353	21.3418
34.4682	21.357
34.501	21.3722
34.5339	21.3874
34.5667	21.4026
34.5996	21.4178
34.6324	21.433
34.6652	21.4481
34.698	21.4633
34.7308	21.4784
34.7636	21.4935
34.7964	21.5086
34.8292	21.5237
34.862	21.5387
34.8947	21.5538
34.9275	21.5688
34.9602	21.5839
34.993	21.5989
35.0257	21.6139
35.0584	21.6289
35.0911	21.6439
35.1238	21.6588
35.1565	21.6738
35.1892	21.6887
35.2219	21.7037
35.2546	21.7186
35.2872	21.7335
35.3199	21.7484
35.3526	21.7632
35.3852	21.7781
35.4178	21.7929
35.4505	21.8078
35.4831	21.8226
35.5157	21.8374
35.5483	21.8522
35.5809	21.867
35.6135	21.8818
35.646	21.8965
35.6786	21.9113
35.7112	21.926
35.7437	21.9407
35.7763	21.9554
35.8088	21.9701
35.8413	21.9848
35.8738	21.9995
35.9064	22.0141
35.9389	22.0287
35.9713	22.0434
36.0038	22.058
36.0363	22.0726
36.0688	22.0872
36.1012	22.1018
36.1337	22.1163
36.1661	22.1309
36.1986	22.1454
36.231	22.1599
36.2634	22.1744
36.2959	22.1889
36.3283	22.2034
36.3607	22.2179
36.393	22.2323
36.4254	22.2468
36.4578	22.2612
36.4902	22.2756
36.5225	22.29
36.5549	22.3044
36.5872	22.3188
36.6195	22.3332
36.6519	22.3475
36.6842	22.3619
36.7165	22.3762
36.7488	22.3905
36.7811	22.4048
36.8134	22.4191
36.8457	22.4334
36.8779	22.4477
36.9102	22.4619
36.9424	22.4761
36.9747	22.4904
37.0069	22.5046
37.0391	22.5188
37.0714	22.533
37.1036	22.5471
37.1358	22.5613
37.168	22.5755
37.2002	22.5896
37.2323	22.6037
37.2645	22.6178
37.2967	22.6319
37.3288	22.646
37.361	22.6601
37.3931	22.6741
37.4252	22.6882
37.4574	22.7022
37.4895	22.7162
37.5216	22.7302
37.5537	22.7442
37.5858	22.7582
37.6178	22.7722
37.6499	22.7861
37.682	22.8
37.714	22.814
37.7461	22.8279
37.7781	22.8418
37.8102	22.8557
37.8422	22.8696
37.8742	22.8834
37.9062	22.8973
37.9382	22.9111
37.9702	22.9249
38.0022	22.9387
38.0342	22.9525
38.0661	22.9663
38.0981	22.9801
38.1301	22.9939
38.162	23.0076
38.1939	23.0213
38.2259	23.0351
38.2578	23.0488
38.2897	23.0625
38.3216	23.0762
38.3535	23.0898
38.3854	23.1035
38.4173	23.1171
38.4491	23.1308
38.481	23.1444
38.5128	23.158
38.5447	23.1716
38.5765	23.1852
38.6084	23.1987
38.6402	23.2123
38.672	23.2258
38.7038	23.2394
38.7356	23.2529
38.7674	23.2664
38.7992	23.2799
38.8309	23.2933
38.8627	23.3068
38.8945	23.3203
38.9262	23.3337
38.958	23.3471
38.9897	23.3605
39.0214	23.3739
39.0531	23.3873
39.0848	23.4007
39.1165	23.4141
39.1482	23.4274
39.1799	23.4408
39.2116	23.4541
39.2433	23.4674
39.2749	23.4807
39.3066	23.494
39.3382	23.5073
39.3699	23.5205
39.4015	23.5338
39.4331	23.547
39.4647	23.5602
39.4963	23.5734
39.5279	23.5866
39.5595	23.5998
39.5911	23.613
39.6227	23.6261
39.6542	23.6393
39.6858	23.6524
39.7173	23.6655
39.7489	23.6786
39.7804	23.6917
39.8119	23.7048
39.8434	23.7179
39.8749	23.7309
39.9064	23.744
39.9379	23.757
39.9694	23.77
40.0009	23.783
40.0323	23.796
40.0638	23.809
40.0953	23.822
40.1267	23.8349
40.1581	23.8479
40.1896	23.8608
40.221	23.8737
40.2524	23.8866
40.2838	23.8995
40.3152	23.9124
40.3466	23.9253
40.3779	23.9381
40.4093	23.951
40.4407	23.9638
40.472	23.9766
40.5034	23.9894
40.5347	24.0022
40.566	24.015
40.5974	24.0277
40.6287	24.0405
40.66	24.0532
40.6913	24.0659
40.7225	24.0787
40.7538	24.0914
40.7851	24.104
40.8164	24.1167
40.8476	24.1294
40.8789	24.142
40.9101	24.1547
40.9413	24.1673
40.9726	24.1799
41.0038	24.1925
41.035	24.2051
41.0662	24.2177
41.0974	24.2302
41.1286	24.2428
41.1597	24.2553
41.1909	24.2678
41.2221	24.2803
41.2532	24.2928
41.2843	24.3053
41.3155	24.3178
41.3466	24.3303
41.3777	24.3427
41.4088	24.3551
41.4399	24.3676
41.471	24.38
41.5021	24.3924
41.5332	24.4048
41.5643	24.4171
41.5953	24.4295
41.6264	24.4418
41.6574	24.4542
41.6885	24.4665
41.7195	24.4788
41.7505	24.4911
41.7815	24.5034
41.8125	24.5156
41.8435	24.5279
41.8745	24.5401
41.9055	24.5524
41.9365	24.5646
41.9674	24.5768
41.9984	24.589
42.0293	24.6012
42.0603	24.6134
42.0912	24.6255
42.1221	24.6377
42.153	24.6498
42.1839	24.6619
42.2148	24.674
42.2457	24.6861
42.2766	24.6982
42.3075	24.7103
42.3384	24.7223
42.3692	24.7344
42.4001	24.7464
42.4309	24.7584
42.4617	24.7704
42.4926	24.7824
42.5234	24.7944
42.5542	24.8064
42.585	24.8183
42.6158	24.8303
42.6466	24.8422
42.6774	24.8541
42.7081	24.866
42.7389	24.8779
42.7696	24.8898
42.8004	24.9017
42.8311	24.9135
42.8618	24.9254
42.8926	24.9372
42.9233	24.949
42.954	24.9608
42.9847	24.9726
43.0154	24.9844
43.0461	24.9962
43.0767	25.0079
43.1074	25.0197
43.138	25.0314
43.1687	25.0431
43.1993	25.0548
43.23	25.0665
43.2606	25.0782
43.2912	25.0899
43.3218	25.1015
43.3524	25.1132
43.383	25.1248
43.4136	25.1364
43.4442	25.148
43.4747	25.1596
43.5053	25.1712
43.5358	25.1828
43.5664	25.1943
43.5969	25.2059
43.6274	25.2174
43.658	25.2289
43.6885	25.2404
43.719	25.2519
43.7495	25.2634
43.78	25.2749
43.8104	25.2863
43.8409	25.2978
43.8714	25.3092
43.9018	25.3206
43.9323	25.332
43.9627	25.3434
43.9931	25.3548
44.0236	25.3662
44.054	25.3775
44.0844	25.3889
44.1148	25.4002
44.1452	25.4115
44.1755	25.4228
44.2059	25.4341
44.2363	25.4454
44.2666	25.4567
44.297	25.4679
44.3273	25.4792
44.3577	25.4904
44.388	25.5016
44.4183	25.5128
44.4486	25.524
44.4789	25.5352
44.5092	25.5464
44.5395	25.5575
44.5698	25.5687
44.6	25.5798
44.6303	25.5909
44.6606	25.602
44.6908	25.6131
44.721	25.6242
44.7513	25.6353
44.7815	25.6464
44.8117	25.6574
44.8419	25.6684
44.8721	25.6795
44.9023	25.6905
44.9325	25.7015
44.9626	25.7125
44.9928	25.7234
45.0229	25.7344
45.0531	25.7453
45.0832	25.7563
45.1134	25.7672
45.1435	25.7781
45.1736	25.789
45.2037	25.7999
45.2338	25.8108
45.2639	25.8216
45.294	25.8325
45.3241	25.8433
45.3541	25.8541
45.3842	25.8649
45.4142	25.8757
45.4443	25.8865
45.4743	25.8973
45.5043	25.9081
45.5344	25.9188
45.5644	25.9296
45.5944	25.9403
45.6244	25.951
45.6543	25.9617
45.6843	25.9724
45.7143	25.9831
45.7443	25.9937
45.7742	26.0044
45.8042	26.015
45.8341	26.0257
45.864	26.0363
45.8939	26.0469
45.9239	26.0575
45.9538	26.068
45.9837	26.0786
46.0135	26.0892
46.0434	26.0997
46.0733	26.1102
46.1032	26.1207
46.133	26.1313
46.1629	26.1417
46.1927	26.1522
46.2225	26.1627
46.2524	26.1731
46.2822	26.1836
46.312	26.194
46.3418	26.2044
46.3716	26.2148
46.4014	26.2252
46.4311	26.2356
46.4609	26.246
46.4907	26.2564
46.5204	26.2667
46.5502	26.277
46.5799	26.2874
46.6096	26.2977
46.6394	26.308
46.6691	26.3182
46.6988	26.3285
46.7285	26.3388
46.7581	26.349
46.7878	26.3593
46.8175	26.3695
46.8472	26.3797
46.8768	26.3899
46.9065	26.4001
46.9361	26.4102
46.9657	26.4204
46.9954	26.4306
47.025	26.4407
47.0546	26.4508
47.0842	26.4609
47.1138	26.471
47.1434	26.4811
47.1729	26.4912
47.2025	26.5013
47.2321	26.5113
47.2616	26.5214
47.2911	26.5314
47.3207	26.5414
47.3502	26.5514
47.3797	26.5614
47.4092	26.5714
47.4387	26.5813
47.4682	26.5913
47.4977	26.6012
47.5272	26.6112
47.5567	26.6211
47.5861	26.631
47.6156	26.6409
47.645	26.6508
47.6745	26.6606
47.7039	26.6705
47.7333	26.6804
47.7627	26.6902
47.7921	26.7
47.8215	26.7098
47.8509	26.7196
47.8803	26.7294
47.9097	26.7392
47.9391	26.7489
47.9684	26.7587
47.9978	26.7684
48.0271	26.7781
48.0564	26.7879
48.0858	26.7976
48.1151	26.8072
48.1444	26.8169
48.1737	26.8266
48.203	26.8362
48.2323	26.8459
48.2616	26.8555
48.2908	26.8651
48.3201	26.8747
48.3493	26.8843
48.3786	26.8939
48.4078	26.9035
48.4371	26.913
48.4663	26.9226
48.4955	26.9321
48.5247	26.9416
48.5539	26.9511
48.5831	26.9606
48.6123	26.9701
48.6414	26.9796
48.6706	26.989
48.6998	26.9985
48.7289	27.0079
48.758	27.0173
48.7872	27.0267
48.8163	27.0361
48.8454	27.0455
48.8745	27.0549
48.9036	27.0643
48.9327	27.0736
48.9618	27.083
48.9909	27.0923
49.02	27.1016
49.049	27.1109
49.0781	27.1202
49.1071	27.1295
49.1362	27.1387
49.1652	27.148
49.1942	27.1572
49.2232	27.1665
49.2522	27.1757
49.2812	27.1849
49.3102	27.1941
49.3392	27.2033
49.3682	27.2124
49.3971	27.2216
49.4261	27.2307
49.455	27.2399
49.484	27.249
49.5129	27.2581
49.5418	27.2672
49.5708	27.2763
49.5997	27.2854
49.6286	27.2944
49.6575	27.3035
49.6864	27.3125
49.7152	27.3215
49.7441	27.3306
49.773	27.3396
49.8018	27.3485
49.8307	27.3575
49.8595	27.3665
49.8883	27.3754
49.9171	27.3844
49.946	27.3933
49.9748	27.4022
50.0036	27.4111
50.0324	27.42
50.0611	27.4289
50.0899	27.4378
50.1187	27.4467
50.1474	27.4555
50.1762	27.4643
50.2049	27.4732
50.2337	27.482
50.2624	27.4908
50.2911	27.4996
50.3198	27.5083
50.3485	27.5171
50.3772	27.5259
50.4059	27.5346
50.4346	27.5433
50.4632	27.552
50.4919	27.5607
50.5206	27.5694
50.5492	27.5781
50.5778	27.5868
50.6065	27.5954
50.6351	27.6041
50.6637	27.6127
50.6923	27.6213
50.7209	27.6299
50.7495	27.6385
50.7781	27.6471
50.8067	27.6557
50.8352	27.6643
50.8638	27.6728
50.8923	27.6814
50.9209	27.6899
50.9494	27.6984
50.9779	27.7069
51.0065	27.7154
51.035	27.7239
51.0635	27.7323
51.092	27.7408
51.1205	27.7492
51.1489	27.7577
51.1774	27.7661
51.2059	27.7745
51.2343	27.7829
51.2628	27.7913
51.2912	27.7996
51.3197	27.808
51.3481	27.8164
51.3765	27.8247
51.4049	27.833
51.4333	27.8413
51.4617	27.8496
51.4901	27.8579
51.5185	27.8662
51.5468	27.8745
51.5752	27.8827
51.6035	27.891
51.6319	27.8992
51.6602	27.9074
51.6885	27.9156
51.7169	27.9238
51.7452	27.932
51.7735	27.9402
51.8018	27.9483
51.8301	27.9565
51.8583	27.9646
51.8866	27.9727
51.9149	27.9809
51.9431	27.989
51.9714	27.997
51.9996	28.0051
52.0279	28.0132
52.0561	28.0212
52.0843	28.0293
52.1125	28.0373
52.1407	28.0453
52.1689	28.0533
52.1971	28.0613
52.2253	28.0693
52.2535	28.0773
52.2816	28.0853
52.3098	28.0932
52.3379	28.1011
52.3661	28.1091
52.3942	28.117
52.4223	28.1249
52.4504	28.1328
52.4785	28.1406
52.5066	28.1485
52.5347	28.1564
52.5628	28.1642
52.5909	28.172
52.6189	28.1799
52.647	28.1877
52.6751	28.1955
52.7031	28.2033
52.7311	28.211
52.7592	28.2188
52.7872	28.2265
52.8152	28.2343
52.8432	28.242
52.8712	28.2497
52.8992	28.2574
52.9272	28.2651
52.9551	28.2728
52.9831	28.2805
53.0111	28.2881
53.039	28.2958
53.067	28.3034
53.0949	28.311
53.1228	28.3186
53.1507	28.3262
53.1786	28.3338
53.2066	28.3414
53.2344	28.3489
53.2623	28.3565
53.2902	28.364
53.3181	28.3716
53.3459	28.3791
53.3738	28.3866
53.4016	28.3941
53.4295	28.4016
53.4573	28.409
53.4851	28.4165
53.513	28.4239
53.5408	28.4314
53.5686	28.4388
53.5964	28.4462
53.6241	28.4536
53.6519	28.461
53.6797	28.4684
53.7075	28.4757
53.7352	28.4831
53.763	28.4904
53.7907	28.4978
53.8184	28.5051
53.8461	28.5124
53.8739	28.5197
53.9016	28.527
53.9293	28.5342
53.957	28.5415
53.9846	28.5488
54.0123	28.556
54.04	28.5632
54.0676	28.5704
54.0953	28.5776
54.1229	28.5848
54.1506	28.592
54.1782	28.5992
54.2058	28.6063
54.2334	28.6135
54.261	28.6206
54.2886	28.6277
54.3162	28.6349
54.3438	28.642
54.3714	28.649
54.3989	28.6561
54.4265	28.6632
54.454	28.6702
54.4816	28.6773
54.5091	28.6843
54.5366	28.6913
54.5642	28.6983
54.5917	28.7053
54.6192	28.7123
54.6467	28.7193
54.6742	28.7263
54.7016	28.7332
54.7291	28.7401
54.7566	28.7471
54.784	28.754
54.8115	28.7609
54.8389	28.7678
54.8664	28.7747
54.8938	28.7815
54.9212	28.7884
54.9486	28.7952
54.976	28.8021
55.0034	28.8089
55.0308	28.8157
55.0582	28.8225
55.0855	28.8293
55.1129	28.8361
55.1403	28.8428
55.1676	28.8496
55.1949	28.8563
55.2223	28.8631
55.2496	28.8698
55.2769	28.8765
55.3042	28.8832
55.3315	28.8899
55.3588	28.8966
55.3861	28.9032
55.4134	28.9099
55.4407	28.9165
55.4679	28.9232
55.4952	28.9298
55.5224	28.9364
55.5497	28.943
55.5769	28.9496
55.6041	28.9561
55.6313	28.9627
55.6585	28.9692
55.6857	28.9758
55.7129	28.9823
55.7401	28.9888
55.7673	28.9953
55.7945	29.0018
55.8216	29.0083
55.8488	29.0148
55.8759	29.0212
55.9031	29.0277
55.9302	29.0341
55.9573	29.0405
55.9844	29.0469
56.0115	29.0533
56.0386	29.0597
56.0657	29.0661
56.0928	29.0725
56.1199	29.0788
56.147	29.0852
56.174	29.0915
56.2011	29.0978
56.2281	29.1041
56.2552	29.1104
56.2822	29.1167
56.3092	29.123
56.3362	29.1293
56.3632	29.1355
56.3902	29.1418
56.4172	29.148
56.4442	29.1542
56.4712	29.1604
56.4982	29.1666
56.5251	29.1728
56.5521	29.179
56.579	29.1852
56.606	29.1913
56.6329	29.1974
56.6598	29.2036
56.6867	29.2097
56.7136	29.2158
56.7405	29.2219
56.7674	29.228
56.7943	29.2341
56.8212	29.2401
56.8481	29.2462
56.8749	29.2522
56.9018	29.2582
56.9286	29.2642
56.9555	29.2703
56.9823	29.2762
57.0091	29.2822
57.0359	29.2882
57.0627	29.2942
57.0895	29.3001
57.1163	29.306
57.1431	29.312
57.1699	29.3179
57.1967	29.3238
57.2234	29.3297
57.2502	29.3356
57.2769	29.3414
57.3037	29.3473
57.3304	29.3531
57.3571	29.359
57.3838	29.3648
57.4105	29.3706
57.4372	29.3764
57.4639	29.3822
57.4906	29.388
57.5173	29.3938
57.544	29.3995
57.5706	29.4053
57.5973	29.411
57.6239	29.4167
57.6506	29.4224
57.6772	29.4281
57.7038	29.4338
57.7304	29.4395
57.7571	29.4452
57.7837	29.4508
57.8102	29.4565
57.8368	29.4621
57.8634	29.4677
57.89	29.4734
57.9165	29.479
57.9431	29.4845
57.9697	29.4901
57.9962	29.4957
58.0227	29.5012
58.0493	29.5068
58.0758	29.5123
58.1023	29.5179
58.1288	29.5234
58.1553	29.5289
58.1818	29.5344
58.2082	29.5398
58.2347	29.5453
58.2612	29.5508
58.2876	29.5562
58.3141	29.5616
58.3405	29.5671
58.367	29.5725
58.3934	29.5779
58.4198	29.5833
58.4462	29.5886
58.4726	29.594
58.499	29.5994
58.5254	29.6047
58.5518	29.61
58.5782	29.6154
58.6045	29.6207
58.6309	29.626
58.6572	29.6313
58.6836	29.6365
58.7099	29.6418
58.7363	29.6471
58.7626	29.6523
58.7889	29.6575
58.8152	29.6628
58.8415	29.668
58.8678	29.6732
58.8941	29.6784
58.9203	29.6835
58.9466	29.6887
58.9729	29.6939
58.9991	29.699
59.0254	29.7042
59.0516	29.7093
59.0778	29.7144
59.1041	29.7195
59.1303	29.7246
59.1565	29.7297
59.1827	29.7347
59.2089	29.7398
59.2351	29.7448
59.2613	29.7499
59.2874	29.7549
59.3136	29.7599
59.3397	29.7649
59.3659	29.7699
59.392	29.7749
59.4182	29.7798
59.4443	29.7848
59.4704	29.7897
59.4965	29.7947
59.5226	29.7996
59.5487	29.8045
59.5748	29.8094
59.6009	29.8143
59.627	29.8192
59.653	29.8241
59.6791	29.8289
59.7051	29.8338
59.7312	29.8386
59.7572	29.8434
59.7832	29.8483
59.8093	29.8531
59.8353	29.8578
59.8613	29.8626
59.8873	29.8674
59.9133	29.8722
59.9393	29.8769
59.9652	29.8816
59.9912	29.8864
60.0172	29.8911
60.0431	29.8958
60.0691	29.9005
60.095	29.9052
60.1209	29.9098
60.1469	29.9145
60.1728	29.9192
60.1987	29.9238
60.2246	29.9284
60.2505	29.933
60.2764	29.9376
60.3022	29.9422
60.3281	29.9468
60.354	29.9514
60.3798	29.956
60.4057	29.9605
60.4315	29.9651
60.4574	29.9696
60.4832	29.9741
60.509	29.9786
60.5348	29.9831
60.5606	29.9876
60.5864	29.9921
60.6122	29.9965
60.638	30.001
60.6638	30.0054
60.6895	30.0099
60.7153	30.0143
60.7411	30.0187
60.7668	30.0231
60.7925	30.0275
60.8183	30.0319
60.844	30.0362
60.8697	30.0406
60.8954	30.0449
60.9211	30.0493
60.9468	30.0536
60.9725	30.0579
60.9982	30.0622
61.0239	30.0665
61.0495	30.0708
61.0752	30.075
61.1008	30.0793
61.1265	30.0836
61.1521	30.0878
61.1777	30.092
61.2034	30.0962
61.229	30.1004
61.2546	30.1046
61.2802	30.1088
61.3058	30.113
61.3314	30.1171
61.3569	30.1213
61.3825	30.1254
61.4081	30.1296
61.4336	30.1337
61.4592	30.1378
61.4847	30.1419
61.5102	30.146
61.5358	30.15
61.5613	30.1541
61.5868	30.1582
61.6123	30.1622
61.6378	30.1662
61.6633	30.1703
61.6888	30.1743
61.7142	30.1783
61.7397	30.1822
61.7652	30.1862
61.7906	30.1902
61.816	30.1941
61.8415	30.1981
61.8669	30.202
61.8923	30.2059
61.9178	30.2099
61.9432	30.2138
61.9686	30.2177
61.994	30.2215
62.0193	30.2254
62.0447	30.2293
62.0701	30.2331
62.0955	30.2369
62.1208	30.2408
62.1462	30.2446
62.1715	30.2484
62.1968	30.2522
62.2222	30.256
62.2475	30.2597
62.2728	30.2635
62.2981	30.2673
62.3234	30.271
62.3487	30.2747
62.374	30.2785
62.3993	30.2822
62.4245	30.2859
62.4498	30.2895
62.475	30.2932
62.5003	30.2969
62.5255	30.3005
62.5508	30.3042
62.576	30.3078
62.6012	30.3114
62.6264	30.3151
62.6516	30.3187
62.6768	30.3223
62.702	30.3258
62.7272	30.3294
62.7524	30.333
62.7775	30.3365
62.8027	30.34
62.8279	30.3436
62.853	30.3471
62.8781	30.3506
62.9033	30.3541
62.9284	30.3576
62.9535	30.3611
62.9786	30.3645
63.0037	30.368
63.0288	30.3714
63.0539	30.3748
63.079	30.3783
63.1041	30.3817
63.1291	30.3851
63.1542	30.3885
63.1792	30.3918
63.2043	30.3952
63.2293	30.3986
63.2544	30.4019
63.2794	30.4052
63.3044	30.4086
63.3294	30.4119
63.3544	30.4152
63.3794	30.4185
63.4044	30.4218
63.4294	30.425
63.4544	30.4283
63.4793	30.4315
63.5043	30.4348
63.5292	30.438
63.5542	30.4412
63.5791	30.4444
63.604	30.4476
63.629	30.4508
63.6539	30.454
63.6788	30.4572
63.7037	30.4603
63.7286	30.4635
63.7535	30.4666
63.7784	30.4697
63.8032	30.4728
63.8281	30.4759
63.853	30.479
63.8778	30.4821
63.9026	30.4852
63.9275	30.4883
63.9523	30.4913
63.9771	30.4943
64.002	30.4974
64.0268	30.5004
64.0516	30.5034
64.0764	30.5064
64.1012	30.5094
64.1259	30.5124
64.1507	30.5153
64.1755	30.5183
64.2002	30.5212
64.225	30.5242
64.2497	30.5271
64.2745	30.53
64.2992	30.5329
64.3239	30.5358
64.3486	30.5387
64.3733	30.5415
64.3981	30.5444
64.4227	30.5473
64.4474	30.5501
64.4721	30.5529
64.4968	30.5557
64.5215	30.5585
64.5461	30.5613
64.5708	30.5641
64.5954	30.5669
64.6201	30.5697
64.6447	30.5724
64.6693	30.5752
64.6939	30.5779
64.7185	30.5806
64.7431	30.5834
64.7677	30.5861
64.7923	30.5887
64.8169	30.5914
64.8415	30.5941
64.8661	30.5968
64.8906	30.5994
64.9152	30.6021
64.9397	30.6047
64.9643	30.6073
64.9888	30.6099
65.0133	30.6125
65.0378	30.6151
65.0623	30.6177
65.0869	30.6203
65.1113	30.6228
65.1358	30.6254
65.1603	30.6279
65.1848	30.6304
65.2093	30.6329
65.2337	30.6354
65.2582	30.6379
65.2826	30.6404
65.3071	30.6429
65.3315	30.6454
65.3559	30.6478
65.3804	30.6503
65.4048	30.6527
65.4292	30.6551
65.4536	30.6575
65.478	30.6599
65.5024	30.6623
65.5267	30.6647
65.5511	30.6671
65.5755	30.6694
65.5998	30.6718
65.6242	30.6741
65.6485	30.6764
65.6729	30.6788
65.6972	30.6811
65.7215	30.6834
65.7458	30.6856
65.7701	30.6879
65.7944	30.6902
65.8187	30.6924
65.843	30.6947
65.8673	30.6969
65.8916	30.6992
65.9158	30.7014
65.9401	30.7036
65.9644	30.7058
65.9886	30.708
66.0128	30.7101
66.0371	30.7123
66.0613	30.7144
66.0855	30.7166
66.1097	30.7187
66.1339	30.7208
66.1581	30.723
66.1823	30.7251
66.2065	30.7271
66.2307	30.7292
66.2549	30.7313
66.279	30.7334
66.3032	30.7354
66.3273	30.7374
66.3515	30.7395
66.3756	30.7415
66.3997	30.7435
66.4239	30.7455
66.448	30.7475
66.4721	30.7495
66.4962	30.7514
66.5203	30.7534
66.5444	30.7553
66.5684	30.7573
66.5925	30.7592
66.6166	30.7611
66.6406	30.763
66.6647	30.7649
66.6887	30.7668
66.7128	30.7687
66.7368	30.7705
66.7608	30.7724
66.7848	30.7742
66.8089	30.7761
66.8329	30.7779
66.8569	30.7797
66.8809	30.7815
66.9048	30.7833
66.9288	30.7851
66.9528	30.7869
66.9767	30.7886
67.0007	30.7904
67.0247	30.7921
67.0486	30.7939
67.0725	30.7956
67.0965	30.7973
67.1204	30.799
67.1443	30.8007
67.1682	30.8024
67.1921	30.804
67.216	30.8057
67.2399	30.8073
67.2638	30.809
67.2876	30.8106
67.3115	30.8122
67.3354	30.8138
67.3592	30.8154
67.3831	30.817
67.4069	30.8186
67.4308	30.8202
67.4546	30.8217
67.4784	30.8233
67.5022	30.8248
67.526	30.8263
67.5498	30.8279
67.5736	30.8294
67.5974	30.8309
67.6212	30.8324
67.6449	30.8338
67.6687	30.8353
67.6925	30.8368
67.7162	30.8382
67.74	30.8396
67.7637	30.8411
67.7874	30.8425
67.8112	30.8439
67.8349	30.8453
67.8586	30.8467
67.8823	30.848
67.906	30.8494
67.9297	30.8508
67.9534	30.8521
67.977	30.8534
68.0007	30.8548
68.0244	30.8561
68.048	30.8574
68.0717	30.8587
68.0953	30.86
68.119	30.8612
68.1426	30.8625
68.1662	30.8638
68.1898	30.865
68.2135	30.8662
68.2371	30.8675
68.2607	30.8687
68.2842	30.8699
68.3078	30.8711
68.3314	30.8723
68.355	30.8734
68.3785	30.8746
68.4021	30.8758
68.4256	30.8769
68.4492	30.878
68.4727	30.8792
68.4962	30.8803
68.5198	30.8814
68.5433	30.8825
68.5668	30.8835
68.5903	30.8846
68.6138	30.8857
68.6373	30.8867
68.6608	30.8878
68.6842	30.8888
68.7077	30.8898
68.7312	30.8908
68.7546	30.8918
68.7781	30.8928
68.8015	30.8938
68.825	30.8948
68.8484	30.8958
68.8718	30.8967
68.8952	30.8976
68.9186	30.8986
68.942	30.8995
68.9654	30.9004
68.9888	30.9013
69.0122	30.9022
69.0356	30.9031
69.0589	30.904
69.0823	30.9048
69.1057	30.9057
69.129	30.9065
69.1524	30.9074
69.1757	30.9082
69.199	30.909
69.2223	30.9098
69.2457	30.9106
69.269	30.9114
69.2923	30.9121
69.3156	30.9129
69.3389	30.9136
69.3621	30.9144
69.3854	30.9151
69.4087	30.9158
69.4319	30.9166
69.4552	30.9173
69.4785	30.918
69.5017	30.9186
69.5249	30.9193
69.5482	30.92
69.5714	30.9206
69.5946	30.9213
69.6178	30.9219
69.641	30.9225
69.6642	30.9231
69.6874	30.9237
69.7106	30.9243
69.7338	30.9249
69.7569	30.9255
69.7801	30.926
69.8033	30.9266
69.8264	30.9271
69.8495	30.9277
69.8727	30.9282
69.8958	30.9287
69.9189	30.9292
69.9421	30.9297
69.9652	30.9302
69.9883	30.9307
70.0114	30.9311
70.0345	30.9316
70.0575	30.932
70.0806	30.9325
70.1037	30.9329
70.1268	30.9333
70.1498	30.9337
70.1729	30.9341
70.1959	30.9345
70.219	30.9349
70.242	30.9352
70.265	30.9356
70.288	30.9359
70.3111	30.9363
70.3341	30.9366
70.3571	30.9369
70.3801	30.9372
70.403	30.9375
70.426	30.9378
70.449	30.9381
70.472	30.9383
70.4949	30.9386
70.5179	30.9388
70.5408	30.9391
70.5638	30.9393
70.5867	30.9395
70.6096	30.9397
70.6325	30.9399
70.6555	30.9401
70.6784	30.9403
70.7013	30.9404
70.7242	30.9406
70.7471	30.9408
70.7699	30.9409
70.7928	30.941
70.8157	30.9411
70.8386	30.9412
70.8614	30.9413
70.8843	30.9414
70.9071	30.9415
70.9299	30.9416
70.9528	30.9416
70.9756	30.9417
70.9984	30.9417
71.0212	30.9418
71.044	30.9418
71.0668	30.9418
71.0896	30.9418
71.1124	30.9418
71.1352	30.9418
71.158	30.9417
71.1807	30.9417
71.2035	30.9416
71.2262	30.9416
71.249	30.9415
71.2717	30.9414
71.2945	30.9414
71.3172	30.9413
71.3399	30.9412
71.3626	30.941
71.3853	30.9409
71.408	30.9408
71.4307	30.9406
71.4534	30.9405
71.4761	30.9403
71.4988	30.9401
71.5215	30.9399
71.5441	30.9397
71.5668	30.9395
71.5894	30.9393
71.6121	30.9391
71.6347	30.9389
71.6573	30.9386
71.68	30.9384
71.7026	30.9381
71.7252	30.9378
71.7478	30.9376
71.7704	30.9373
71.793	30.937
71.8156	30.9366
71.8382	30.9363
71.8607	30.936
71.8833	30.9357
71.9059	30.9353
71.9284	30.9349
71.951	30.9346
71.9735	30.9342
71.996	30.9338
72.0186	30.9334
72.0411	30.933
72.0636	30.9326
72.0861	30.9321
72.1086	30.9317
72.1311	30.9313
72.1536	30.9308
72.1761	30.9303
72.1986	30.9299
72.2211	30.9294
72.2435	30.9289
72.266	30.9284
72.2884	30.9279
72.3109	30.9273
72.3333	30.9268
72.3558	30.9262
72.3782	30.9257
72.4006	30.9251
72.423	30.9246
72.4454	30.924
72.4678	30.9234
72.4902	30.9228
72.5126	30.9222
72.535	30.9215
72.5574	30.9209
72.5798	30.9203
72.6021	30.9196
72.6245	30.919
72.6468	30.9183
72.6692	30.9176
72.6915	30.9169
72.7138	30.9162
72.7362	30.9155
72.7585	30.9148
72.7808	30.9141
72.8031	30.9133
72.8254	30.9126
72.8477	30.9118
72.87	30.9111
72.8923	30.9103
72.9146	30.9095
72.9368	30.9087
72.9591	30.9079
72.9814	30.9071
73.0036	30.9063
73.0259	30.9054
73.0481	30.9046
73.0703	30.9037
73.0926	30.9029
73.1148	30.902
73.137	30.9011
73.1592	30.9002
73.1814	30.8993
73.2036	30.8984
73.2258	30.8975
73.248	30.8966
73.2701	30.8956
73.2923	30.8947
73.3145	30.8937
73.3366	30.8927
73.3588	30.8918
73.3809	30.8908
73.4031	30.8898
73.4252	30.8888
73.4473	30.8878
73.4695	30.8867
73.4916	30.8857
73.5137	30.8846
73.5358	30.8836
73.5579	30.8825
73.58	30.8815
73.602	30.8804
73.6241	30.8793
73.6462	30.8782
73.6683	30.8771
73.6903	30.8759
73.7124	30.8748
73.7344	30.8737
73.7565	30.8725
73.7785	30.8714
73.8005	30.8702
73.8225	30.869
73.8446	30.8678
73.8666	30.8666
73.8886	30.8654
73.9106	30.8642
73.9326	30.863
73.9545	30.8617
73.9765	30.8605
73.9985	30.8592
74.0205	30.858
74.0424	30.8567
74.0644	30.8554
74.0863	30.8541
74.1083	30.8528
74.1302	30.8515
74.1521	30.8502
74.174	30.8489
74.196	30.8475
74.2179	30.8462
74.2398	30.8448
74.2617	30.8435
74.2836	30.8421
74.3055	30.8407
74.3273	30.8393
74.3492	30.8379
74.3711	30.8365
74.3929	30.835
74.4148	30.8336
74.4366	30.8322
74.4585	30.8307
74.4803	30.8292
74.5021	30.8278
74.524	30.8263
74.5458	30.8248
74.5676	30.8233
74.5894	30.8218
74.6112	30.8203
74.633	30.8187
74.6548	30.8172
74.6766	30.8157
74.6984	30.8141
74.7201	30.8125
74.7419	30.811
74.7636	30.8094
74.7854	30.8078
74.8071	30.8062
74.8289	30.8046
74.8506	30.8029
74.8723	30.8013
74.8941	30.7997
74.9158	30.798
74.9375	30.7963
74.9592	30.7947
74.9809	30.793
75.0026	30.7913
75.0243	30.7896
75.0459	30.7879
75.0676	30.7862
75.0893	30.7845
75.1109	30.7827
75.1326	30.781
75.1542	30.7792
75.1759	30.7774
75.1975	30.7757
75.2191	30.7739
75.2408	30.7721
75.2624	30.7703
75.284	30.7685
75.3056	30.7667
75.3272	30.7648
75.3488	30.763
75.3704	30.7611
75.392	30.7593
75.4135	30.7574
75.4351	30.7555
75.4567	30.7537
75.4782	30.7518
75.4998	30.7499
75.5213	30.7479
75.5429	30.746
75.5644	30.7441
75.5859	30.7421
75.6075	30.7402
75.629	30.7382
75.6505	30.7363
75.672	30.7343
75.6935	30.7323
75.715	30.7303
75.7365	30.7283
75.7579	30.7263
75.7794	30.7242
75.8009	30.7222
75.8223	30.7201
75.8438	30.7181
75.8652	30.716
75.8867	30.714
75.9081	30.7119
75.9296	30.7098
75.951	30.7077
75.9724	30.7056
75.9938	30.7034
76.0152	30.7013
76.0366	30.6992
76.058	30.697
76.0794	30.6949
76.1008	30.6927
76.1222	30.6905
76.1435	30.6883
76.1649	30.6862
76.1863	30.6839
76.2076	30.6817
76.229	30.6795
76.2503	30.6773
76.2717	30.675
76.293	30.6728
76.3143	30.6705
76.3356	30.6683
76.3569	30.666
76.3782	30.6637
76.3995	30.6614
76.4208	30.6591
76.4421	30.6568
76.4634	30.6545
76.4847	30.6521
76.506	30.6498
76.5272	30.6474
76.5485	30.6451
76.5697	30.6427
76.591	30.6403
76.6122	30.6379
76.6335	30.6355
76.6547	30.6331
76.6759	30.6307
76.6971	30.6283
76.7183	30.6258
76.7396	30.6234
76.7608	30.6209
76.7819	30.6185
76.8031	30.616
76.8243	30.6135
76.8455	30.611
76.8667	30.6085
76.8878	30.606
76.909	30.6035
76.9301	30.601
76.9513	30.5984
76.9724	30.5959
76.9936	30.5933
77.0147	30.5908
77.0358	30.5882
77.0569	30.5856
77.078	30.583
77.0992	30.5804
77.1203	30.5778
77.1413	30.5752
77.1624	30.5726
77.1835	30.5699
77.2046	30.5673
77.2257	30.5646
77.2467	30.562
77.2678	30.5593
77.2888	30.5566
77.3099	30.5539
77.3309	30.5512
77.352	30.5485
77.373	30.5458
77.394	30.543
77.415	30.5403
77.4361	30.5375
77.4571	30.5348
77.4781	30.532
77.4991	30.5292
77.52	30.5265
77.541	30.5237
77.562	30.5209
77.583	30.518
77.6039	30.5152
77.6249	30.5124
77.6459	30.5096
77.6668	30.5067
77.6878	30.5038
77.7087	30.501
77.7296	30.4981
77.7505	30.4952
77.7715	30.4923
77.7924	30.4894
77.8133	30.4865
77.8342	30.4836
77.8551	30.4807
77.876	30.4777
77.8969	30.4748
77.9177	30.4718
77.9386	30.4688
77.9595	30.4659
77.9803	30.4629
78.0012	30.4599
78.022	30.4569
78.0429	30.4539
78.0637	30.4508
78.0846	30.4478
78.1054	30.4448
78.1262	30.4417
78.147	30.4387
78.1678	30.4356
78.1886	30.4325
78.2094	30.4294
78.2302	30.4263
78.251	30.4232
78.2718	30.4201
78.2926	30.417
78.3133	30.4139
78.3341	30.4107
78.3549	30.4076
78.3756	30.4044
78.3964	30.4012
78.4171	30.3981
78.4378	30.3949
78.4586	30.3917
78.4793	30.3885
78.5	30.3853
78.5207	30.382
78.5414	30.3788
78.5621	30.3756
78.5828	30.3723
78.6035	30.369
78.6242	30.3658
78.6449	30.3625
78.6655	30.3592
78.6862	30.3559
78.7069	30.3526
78.7275	30.3493
78.7482	30.346
78.7688	30.3427
78.7894	30.3393
78.8101	30.336
78.8307	30.3326
78.8513	30.3292
78.8719	30.3259
78.8926	30.3225
78.9132	30.3191
78.9338	30.3157
78.9543	30.3123
78.9749	30.3088
78.9955	30.3054
79.0161	30.302
79.0367	30.2985
79.0572	30.2951
79.0778	30.2916
79.0983	30.2881
79.1189	30.2846
79.1394	30.2811
79.16	30.2776
79.1805	30.2741
79.201	30.2706
79.2215	30.2671
79.242	30.2635
79.2625	30.26
79.283	30.2564
79.3035	30.2529
79.324	30.2493
79.3445	30.2457
79.365	30.2421
79.3855	30.2385
79.4059	30.2349
79.4264	30.2313
79.4469	30.2277
79.4673	30.224
79.4877	30.2204
79.5082	30.2167
79.5286	30.213
79.549	30.2094
79.5695	30.2057
79.5899	30.202
79.6103	30.1983
79.6307	30.1946
79.6511	30.1909
79.6715	30.1871
79.6919	30.1834
79.7123	30.1797
79.7326	30.1759
79.753	30.1721
79.7734	30.1684
79.7937	30.1646
79.8141	30.1608
79.8344	30.157
79.8548	30.1532
79.8751	30.1494
79.8955	30.1455
79.9158	30.1417
79.9361	30.1379
79.9564	30.134
79.9767	30.1302
79.997	30.1263
80.0173	30.1224
80.0376	30.1185
80.0579	30.1146
80.0782	30.1107
80.0985	30.1068
80.1187	30.1029
80.139	30.0989
80.1593	30.095
80.1795	30.091
80.1998	30.0871
80.22	30.0831
80.2403	30.0791
80.2605	30.0752
80.2807	30.0712
80.3009	30.0672
80.3211	30.0631
80.3414	30.0591
80.3616	30.0551
80.3818	30.0511
80.402	30.047
80.4221	30.0429
80.4423	30.0389
80.4625	30.0348
80.4827	30.0307
80.5028	30.0266
80.523	30.0225
80.5431	30.0184
80.5633	30.0143
80.5834	30.0102
80.6036	30.006
80.6237	30.0019
80.6438	29.9977
80.664	29.9936
80.6841	29.9894
80.7042	29.9852
80.7243	29.981
80.7444	29.9768
80.7645	29.9726
80.7846	29.9684
80.8046	29.9642
80.8247	29.9599
80.8448	29.9557
80.8649	29.9514
80.8849	29.9472
80.905	29.9429
80.925	29.9386
80.9451	29.9343
80.9651	29.93
80.9851	29.9257
81.0052	29.9214
81.0252	29.9171
81.0452	29.9128
81.0652	29.9084
81.0852	29.9041
81.1052	29.8997
81.1252	29.8953
81.1452	29.891
81.1652	29.8866
81.1852	29.8822
81.2051	29.8778
81.2251	29.8734
81.2451	29.869
81.265	29.8645
81.285	29.8601
81.3049	29.8556
81.3249	29.8512
81.3448	29.8467
81.3647	29.8422
81.3846	29.8378
81.4046	29.8333
81.4245	29.8288
81.4444	29.8243
81.4643	29.8197
81.4842	29.8152
81.5041	29.8107
81.5239	29.8061
81.5438	29.8016
81.5637	29.797
81.5836	29.7925
81.6034	29.7879
81.6233	29.7833
81.6431	29.7787
81.663	29.7741
81.6828	29.7695
81.7027	29.7649
81.7225	29.7602
81.7423	29.7556
81.7621	29.7509
81.782	29.7463
81.8018	29.7416
81.8216	29.7369
81.8414	29.7323
81.8612	29.7276
81.8809	29.7229
81.9007	29.7181
81.9205	29.7134
81.9403	29.7087
81.96	29.704
81.9798	29.6992
81.9995	29.6945
82.0193	29.6897
82.039	29.6849
82.0588	29.6802
82.0785	29.6754
82.0982	29.6706
82.118	29.6658
82.1377	29.6609
82.1574	29.6561
82.1771	29.6513
82.1968	29.6464
82.2165	29.6416
82.2362	29.6367
82.2559	29.6319
82.2755	29.627
82.2952	29.6221
82.3149	29.6172
82.3345	29.6123
82.3542	29.6074
82.3739	29.6025
82.3935	29.5976
82.4131	29.5926
82.4328	29.5877
82.4524	29.5827
82.472	29.5778
82.4917	29.5728
82.5113	29.5678
82.5309	29.5628
82.5505	29.5578
82.5701	29.5528
82.5897	29.5478
82.6093	29.5428
82.6288	29.5377
82.6484	29.5327
82.668	29.5276
82.6876	29.5226
82.7071	29.5175
82.7267	29.5124
82.7462	29.5074
82.7658	29.5023
82.7853	29.4972
82.8048	29.4921
82.8244	29.4869
82.8439	29.4818
82.8634	29.4767
82.8829	29.4715
82.9024	29.4664
82.9219	29.4612
82.9414	29.456
82.9609	29.4509
82.9804	29.4457
82.9999	29.4405
83.0194	29.4353
83.0388	29.4301
83.0583	29.4248
83.0778	29.4196
83.0972	29.4144
83.1167	29.4091
83.1361	29.4039
83.1555	29.3986
83.175	29.3933
83.1944	29.388
83.2138	29.3827
83.2332	29.3774
83.2527	29.3721
83.2721	29.3668
83.2915	29.3615
83.3109	29.3561
83.3302	29.3508
83.3496	29.3454
83.369	29.3401
83.3884	29.3347
83.4078	29.3293
83.4271	29.324
83.4465	29.3186
83.4658	29.3132
83.4852	29.3077
83.5045	29.3023
83.5239	29.2969
83.5432	29.2914
83.5625	29.286
83.5818	29.2805
83.6012	29.2751
83.6205	29.2696
83.6398	29.2641
83.6591	29.2586
83.6784	29.2531
83.6977	29.2476
83.7169	29.2421
83.7362	29.2366
83.7555	29.2311
83.7748	29.2255
83.794	29.22
83.8133	29.2144
83.8325	29.2088
83.8518	29.2033
83.871	29.1977
83.8903	29.1921
83.9095	29.1865
83.9287	29.1809
83.948	29.1753
83.9672	29.1696
83.9864	29.164
84.0056	29.1583
84.0248	29.1527
84.044	29.147
84.0632	29.1414
84.0824	29.1357
84.1015	29.13
84.1207	29.1243
84.1399	29.1186
84.1591	29.1129
84.1782	29.1072
84.1974	29.1014
84.2165	29.0957
84.2357	29.0899
84.2548	29.0842
84.2739	29.0784
84.2931	29.0727
84.3122	29.0669
84.3313	29.0611
84.3504	29.0553
84.3695	29.0495
84.3886	29.0437
84.4077	29.0378
84.4268	29.032
84.4459	29.0262
84.465	29.0203
84.484	29.0145
84.5031	29.0086
84.5222	29.0027
84.5412	28.9968
84.5603	28.9909
84.5793	28.985
84.5984	28.9791
84.6174	28.9732
84.6365	28.9673
84.6555	28.9614
84.6745	28.9554
84.6935	28.9495
84.7126	28.9435
84.7316	28.9375
84.7506	28.9316
84.7696	28.9256
84.7886	28.9196
84.8075	28.9136
84.8265	28.9076
84.8455	28.9016
84.8645	28.8955
84.8834	28.8895
84.9024	28.8834
84.9214	28.8774
84.9403	28.8713
84.9593	28.8653
84.9782	28.8592
84.9971	28.8531
85.0161	28.847
85.035	28.8409
85.0539	28.8348
85.0728	28.8287
85.0917	28.8225
85.1106	28.8164
85.1295	28.8103
85.1484	28.8041
85.1673	28.7979
85.1862	28.7918
85.2051	28.7856
85.224	28.7794
85.2428	28.7732
85.2617	28.767
85.2806	28.7608
85.2994	28.7546
85.3183	28.7483
85.3371	28.7421
85.3559	28.7358
85.3748	28.7296
85.3936	28.7233
85.4124	28.7171
85.4312	28.7108
85.4501	28.7045
85.4689	28.6982
85.4877	28.6919
85.5065	28.6856
85.5253	28.6792
85.544	28.6729
85.5628	28.6666
85.5816	28.6602
85.6004	28.6539
85.6191	28.6475
85.6379	28.6411
85.6567	28.6347
85.6754	28.6284
85.6942	28.622
85.7129	28.6156
85.7316	28.6091
85.7504	28.6027
85.7691	28.5963
85.7878	28.5898
85.8065	28.5834
85.8252	28.5769
85.8439	28.5705
85.8626	28.564
85.8813	28.5575
85.9	28.551
85.9187	28.5445
85.9374	28.538
85.9561	28.5315
85.9747	28.525
85.9934	28.5184
86.0121	28.5119
86.0307	28.5054
86.0494	28.4988
86.068	28.4922
86.0867	28.4857
86.1053	28.4791
86.1239	28.4725
86.1426	28.4659
86.1612	28.4593
86.1798	28.4527
86.1984	28.446
86.217	28.4394
86.2356	28.4328
86.2542	28.4261
86.2728	28.4194
86.2914	28.4128
86.3099	28.4061
86.3285	28.3994
86.3471	28.3927
86.3657	28.386
86.3842	28.3793
86.4028	28.3726
86.4213	28.3659
86.4399	28.3591
86.4584	28.3524
86.4769	28.3457
86.4955	28.3389
86.514	28.3321
86.5325	28.3254
86.551	28.3186
86.5695	28.3118
86.588	28.305
86.6065	28.2982
86.625	28.2914
86.6435	28.2845
86.662	28.2777
86.6805	28.2709
86.6989	28.264
86.7174	28.2572
86.7359	28.2503
86.7543	28.2434
86.7728	28.2365
86.7912	28.2296
86.8097	28.2227
86.8281	28.2158
86.8466	28.2089
86.865	28.202
86.8834	28.1951
86.9018	28.1881
86.9202	28.1812
86.9386	28.1742
86.957	28.1673
86.9754	28.1603
86.9938	28.1533
87.0122	28.1463
87.0306	28.1393
87.049	28.1323
87.0674	28.1253
87.0857	28.1183
87.1041	28.1112
87.1225	28.1042
87.1408	28.0971
87.1592	28.0901
87.1775	28.083
87.1958	28.0759
87.2142	28.0689
87.2325	28.0618
87.2508	28.0547
87.2691	28.0476
87.2875	28.0405
87.3058	28.0333
87.3241	28.0262
87.3424	28.0191
87.3607	28.0119
87.379	28.0048
87.3972	27.9976
87.4155	27.9904
87.4338	27.9832
87.4521	27.9761
87.4703	27.9689
87.4886	27.9617
87.5068	27.9544
87.5251	27.9472
87.5433	27.94
87.5616	27.9328
87.5798	27.9255
87.598	27.9183
87.6163	27.911
87.6345	27.9037
87.6527	27.8964
87.6709	27.8892
87.6891	27.8819
87.7073	27.8746
87.7255	27.8672
87.7437	27.8599
87.7619	27.8526
87.7801	27.8453
87.7982	27.8379
87.8164	27.8306
87.8346	27.8232
87.8527	27.8158
87.8709	27.8085
87.889	27.8011
87.9072	27.7937
87.9253	27.7863
87.9435	27.7789
87.9616	27.7714
87.9797	27.764
87.9978	27.7566
88.0159	27.7491
88.0341	27.7417
88.0522	27.7342
88.0703	27.7268
88.0884	27.7193
88.1065	27.7118
88.1245	27.7043
88.1426	27.6968
88.1607	27.6893
88.1788	27.6818
88.1968	27.6743
88.2149	27.6667
88.233	27.6592
88.251	27.6516
88.2691	27.6441
88.2871	27.6365
88.3051	27.6289
88.3232	27.6214
88.3412	27.6138
88.3592	27.6062
88.3772	27.5986
88.3953	27.5909
88.4133	27.5833
88.4313	27.5757
88.4493	27.5681
88.4673	27.5604
88.4852	27.5528
88.5032	27.5451
88.5212	27.5374
88.5392	27.5297
88.5572	27.5221
88.5751	27.5144
88.5931	27.5067
88.611	27.4989
88.629	27.4912
88.6469	27.4835
88.6649	27.4758
88.6828	27.468
88.7007	27.4603
88.7187	27.4525
88.7366	27.4447
88.7545	27.4369
88.7724	27.4292
88.7903	27.4214
88.8082	27.4136
88.8261	27.4058
88.844	27.3979
88.8619	27.3901
88.8798	27.3823
88.8977	27.3744
88.9155	27.3666
88.9334	27.3587
88.9513	27.3509
88.9691	27.343
88.987	27.3351
89.0048	27.3272
89.0227	27.3193
89.0405	27.3114
89.0583	27.3035
89.0762	27.2956
89.094	27.2876
89.1118	27.2797
89.1296	27.2718
89.1474	27.2638
89.1652	27.2558
89.183	27.2479
89.2008	27.2399
89.2186	27.2319
89.2364	27.2239
89.2542	27.2159
89.272	27.2079
89.2897	27.1999
89.3075	27.1918
89.3253	27.1838
89.343	27.1758
89.3608	27.1677
89.3785	27.1597
89.3962	27.1516
89.414	27.1435
89.4317	27.1354
89.4494	27.1273
89.4672	27.1192
89.4849	27.1111
89.5026	27.103
89.5203	27.0949
89.538	27.0868
89.5557	27.0786
89.5734	27.0705
89.5911	27.0623
89.6088	27.0541
89.6265	27.046
89.6441	27.0378
89.6618	27.0296
89.6795	27.0214
89.6971	27.0132
89.7148	27.005
89.7324	26.9968
89.7501	26.9885
89.7677	26.9803
89.7854	26.9721
89.803	26.9638
89.8206	26.9555
89.8382	26.9473
89.8559	26.939
89.8735	26.9307
89.8911	26.9224
89.9087	26.9141
89.9263	26.9058
89.9439	26.8975
89.9615	26.8892
89.979	26.8808
89.9966	26.8725
90.0142	26.8641
90.0318	26.8558
90.0493	26.8474
90.0669	26.839
90.0844	26.8307
90.102	26.8223
90.1195	26.8139
90.1371	26.8055
90.1546	26.7971
90.1722	26.7886
90.1897	26.7802
90.2072	26.7718
90.2247	26.7633
90.2422	26.7549
90.2597	26.7464
90.2772	26.7379
90.2947	26.7295
90.3122	26.721
90.3297	26.7125
90.3472	26.704
90.3647	26.6955
90.3822	26.687
90.3996	26.6784
90.4171	26.6699
90.4346	26.6614
90.452	26.6528
90.4695	26.6443
90.4869	26.6357
90.5044	26.6271
90.5218	26.6185
90.5392	26.61
90.5567	26.6014
90.5741	26.5928
90.5915	26.5841
90.6089	26.5755
90.6263	26.5669
90.6437	26.5583
90.6611	26.5496
90.6785	26.541
90.6959	26.5323
90.7133	26.5236
90.7307	26.515
90.748	26.5063
90.7654	26.4976
90.7828	26.4889
90.8001	26.4802
90.8175	26.4715
90.8348	26.4627
90.8522	26.454
90.8695	26.4453
90.8869	26.4365
90.9042	26.4278
90.9215	26.419
90.9389	26.4102
90.9562	26.4015
90.9735	26.3927
90.9908	26.3839
91.0081	26.3751
91.0254	26.3663
91.0427	26.3575
91.06	26.3486
91.0773	26.3398
91.0946	26.331
91.1118	26.3221
91.1291	26.3132
91.1464	26.3044
91.1636	26.2955
91.1809	26.2866
91.1982	26.2777
91.2154	26.2688
91.2326	26.2599
91.2499	26.251
91.2671	26.2421
91.2844	26.2332
91.3016	26.2242
91.3188	26.2153
91.336	26.2063
91.3532	26.1974
91.3704	26.1884
91.3876	26.1794
91.4048	26.1705
91.422	26.1615
91.4392	26.1525
91.4564	26.1435
91.4736	26.1344
91.4908	26.1254
91.5079	26.1164
91.5251	26.1073
91.5422	26.0983
91.5594	26.0892
91.5766	26.0802
91.5937	26.0711
91.6108	26.062
91.628	26.053
91.6451	26.0439
91.6622	26.0348
91.6794	26.0256
91.6965	26.0165
91.7136	26.0074
91.7307	25.9983
91.7478	25.9891
91.7649	25.98
91.782	25.9708
91.7991	25.9617
91.8162	25.9525
91.8333	25.9433
91.8503	25.9341
91.8674	25.9249
91.8845	25.9157
91.9015	25.9065
91.9186	25.8973
91.9356	25.8881
91.9527	25.8788
91.9697	25.8696
91.9868	25.8603
92.0038	25.8511
92.0208	25.8418
92.0379	25.8325
92.0549	25.8233
92.0719	25.814
92.0889	25.8047
92.1059	25.7954
92.1229	25.7861
92.1399	25.7767
92.1569	25.7674
92.1739	25.7581
92.1909	25.7487
92.2079	25.7394
92.2248	25.73
92.2418	25.7207
92.2588	25.7113
92.2757	25.7019
92.2927	25.6925
92.3097	25.6831
92.3266	25.6737
92.3435	25.6643
92.3605	25.6549
92.3774	25.6454
92.3943	25.636
92.4113	25.6266
92.4282	25.6171
92.4451	25.6076
92.462	25.5982
92.4789	25.5887
92.4958	25.5792
92.5127	25.5697
92.5296	25.5602
92.5465	25.5507
92.5634	25.5412
92.5803	25.5317
92.5971	25.5221
92.614	25.5126
92.6309	25.5031
92.6477	25.4935
92.6646	25.4839
92.6814	25.4744
92.6983	25.4648
92.7151	25.4552
92.732	25.4456
92.7488	25.436
92.7656	25.4264
92.7824	25.4168
92.7993	25.4072
92.8161	25.3975
92.8329	25.3879
92.8497	25.3783
92.8665	25.3686
92.8833	25.3589
92.9001	25.3493
92.9169	25.3396
92.9337	25.3299
92.9504	25.3202
92.9672	25.3105
92.984	25.3008
93.0007	25.2911
93.0175	25.2814
93.0342	25.2716
93.051	25.2619
93.0677	25.2522
93.0845	25.2424
93.1012	25.2326
93.118	25.2229
93.1347	25.2131
93.1514	25.2033
93.1681	25.1935
93.1848	25.1837
93.2016	25.1739
93.2183	25.1641
93.235	25.1543
93.2517	25.1444
93.2683	25.1346
93.285	25.1247
93.3017	25.1149
93.3184	25.105
93.3351	25.0952
93.3517	25.0853
93.3684	25.0754
93.3851	25.0655
93.4017	25.0556
93.4184	25.0457
93.435	25.0358
93.4517	25.0259
93.4683	25.0159
93.4849	25.006
93.5015	24.996
93.5182	24.9861
93.5348	24.9761
93.5514	24.9662
93.568	24.9562
93.5846	24.9462
93.6012	24.9362
93.6178	24.9262
93.6344	24.9162
93.651	24.9062
93.6676	24.8961
93.6842	24.8861
93.7007	24.8761
93.7173	24.866
93.7339	24.856
93.7504	24.8459
93.767	24.8358
93.7835	24.8258
93.8001	24.8157
93.8166	24.8056
93.8332	24.7955
93.8497	24.7854
93.8662	24.7753
93.8827	24.7651
93.8993	24.755
93.9158	24.7449
93.9323	24.7347
93.9488	24.7246
93.9653	24.7144
93.9818	24.7043
93.9983	24.6941
94.0148	24.6839
94.0313	24.6737
94.0477	24.6635
94.0642	24.6533
94.0807	24.6431
94.0972	24.6329
94.1136	24.6226
94.1301	24.6124
94.1465	24.6021
94.163	24.5919
94.1794	24.5816
94.1959	24.5714
94.2123	24.5611
94.2287	24.5508
94.2451	24.5405
94.2616	24.5302
94.278	24.5199
94.2944	24.5096
94.3108	24.4993
94.3272	24.489
94.3436	24.4786
94.36	24.4683
94.3764	24.4579
94.3928	24.4476
94.4092	24.4372
94.4255	24.4268
94.4419	24.4164
94.4583	24.4061
94.4746	24.3957
94.491	24.3853
94.5073	24.3748
94.5237	24.3644
94.54	24.354
94.5564	24.3436
94.5727	24.3331
94.5891	24.3227
94.6054	24.3122
94.6217	24.3018
94.638	24.2913
94.6543	24.2808
94.6706	24.2703
94.687	24.2598
94.7033	24.2493
94.7195	24.2388
94.7358	24.2283
94.7521	24.2178
94.7684	24.2072
94.7847	24.1967
94.801	24.1861
94.8172	24.1756
94.8335	24.165
94.8498	24.1545
94.866	24.1439
94.8823	24.1333
94.8985	24.1227
94.9148	24.1121
94.931	24.1015
94.9472	24.0909
94.9635	24.0802
94.9797	24.0696
94.9959	24.059
95.0121	24.0483
95.0283	24.0377
95.0445	24.027
95.0607	24.0164
95.0769	24.0057
95.0931	23.995
95.1093	23.9843
95.1255	23.9736
95.1417	23.9629
95.1579	23.9522
95.174	23.9415
95.1902	23.9307
95.2064	23.92
95.2225	23.9093
95.2387	23.8985
95.2548	23.8877
95.271	23.877
95.2871	23.8662
95.3033	23.8554
95.3194	23.8446
95.3355	23.8338
95.3517	23.823
95.3678	23.8122
95.3839	23.8014
95.4	23.7906
95.4161	23.7798
95.4322	23.7689
95.4483	23.7581
95.4644	23.7472
95.4805	23.7363
95.4966	23.7255
95.5126	23.7146
95.5287	23.7037
95.5448	23.6928
95.5609	23.6819
95.5769	23.671
95.593	23.6601
95.609	23.6492
95.6251	23.6382
95.6411	23.6273
95.6572	23.6164
95.6732	23.6054
95.6892	23.5944
95.7053	23.5835
95.7213	23.5725
95.7373	23.5615
95.7533	23.5505
95.7693	23.5395
95.7853	23.5285
95.8013	23.5175
95.8173	23.5065
95.8333	23.4955
95.8493	23.4844
95.8653	23.4734
95.8813	23.4623
95.8972	23.4513
95.9132	23.4402
95.9292	23.4291
95.9451	23.4181
95.9611	23.407
95.9771	23.3959
95.993	23.3848
96.0089	23.3737
96.0249	23.3626
96.0408	23.3514
96.0568	23.3403
96.0727	23.3292
96.0886	23.318
96.1045	23.3069
96.1204	23.2957
96.1363	23.2845
96.1522	23.2734
96.1681	23.2622
96.184	23.251
96.1999	23.2398
96.2158	23.2286
96.2317	23.2174
96.2476	23.2061
96.2635	23.1949
96.2793	23.1837
96.2952	23.1724
96.3111	23.1612
96.3269	23.1499
96.3428	23.1387
96.3586	23.1274
96.3745	23.1161
96.3903	23.1048
96.4061	23.0935
96.422	23.0822
96.4378	23.0709
96.4536	23.0596
96.4694	23.0483
96.4852	23.037
96.5011	23.0256
96.5169	23.0143
96.5327	23.0029
96.5485	22.9916
96.5642	22.9802
96.58	22.9688
96.5958	22.9574
96.6116	22.946
96.6274	22.9346
96.6431	22.9232
96.6589	22.9118
96.6747	22.9004
96.6904	22.889
96.7062	22.8775
96.7219	22.8661
96.7377	22.8547
96.7534	22.8432
96.7692	22.8317
96.7849	22.8203
96.8006	22.8088
96.8163	22.7973
96.8321	22.7858
96.8478	22.7743
96.8635	22.7628
96.8792	22.7513
96.8949	22.7398
96.9106	22.7282
96.9263	22.7167
96.942	22.7051
96.9576	22.6936
96.9733	22.682
96.989	22.6705
97.0047	22.6589
97.0203	22.6473
97.036	22.6357
97.0517	22.6241
97.0673	22.6125
97.083	22.6009
97.0986	22.5893
97.1142	22.5777
97.1299	22.566
97.1455	22.5544
97.1611	22.5428
97.1768	22.5311
97.1924	22.5194
97.208	22.5078
97.2236	22.4961
97.2392	22.4844
97.2548	22.4727
97.2704	22.461
97.286	22.4493
97.3016	22.4376
97.3172	22.4259
97.3328	22.4142
97.3483	22.4024
97.3639	22.3907
97.3795	22.3789
97.3951	22.3672
97.4106	22.3554
97.4262	22.3436
97.4417	22.3319
97.4573	22.3201
97.4728	22.3083
97.4883	22.2965
97.5039	22.2847
97.5194	22.2729
97.5349	22.261
97.5505	22.2492
97.566	22.2374
97.5815	22.2255
97.597	22.2137
97.6125	22.2018
97.628	22.19
97.6435	22.1781
97.659	22.1662
97.6745	22.1543
97.69	22.1424
97.7054	22.1305
97.7209	22.1186
97.7364	22.1067
97.7518	22.0948
97.7673	22.0828
97.7828	22.0709
97.7982	22.0589
97.8137	22.047
97.8291	22.035
97.8445	22.0231
97.86	22.0111
97.8754	21.9991
97.8908	21.9871
97.9063	21.9751
97.9217	21.9631
97.9371	21.9511
97.9525	21.9391
97.9679	21.9271
97.9833	21.915
97.9987	21.903
98.0141	21.891
98.0295	21.8789
98.0449	21.8668
98.0603	21.8548
98.0756	21.8427
98.091	21.8306
98.1064	21.8185
98.1217	21.8064
98.1371	21.7943
98.1525	21.7822
98.1678	21.7701
98.1832	21.758
98.1985	21.7458
98.2138	21.7337
98.2292	21.7215
98.2445	21.7094
98.2598	21.6972
98.2751	21.685
98.2905	21.6729
98.3058	21.6607
98.3211	21.6485
98.3364	21.6363
98.3517	21.6241
98.367	21.6119
98.3823	21.5997
98.3976	21.5874
98.4128	21.5752
98.4281	21.563
98.4434	21.5507
98.4587	21.5385
98.4739	21.5262
98.4892	21.5139
98.5045	21.5016
98.5197	21.4894
98.535	21.4771
98.5502	21.4648
98.5654	21.4525
98.5807	21.4401
98.5959	21.4278
98.6111	21.4155
98.6264	21.4032
98.6416	21.3908
98.6568	21.3785
98.672	21.3661
98.6872	21.3538
98.7024	21.3414
98.7176	21.329
98.7328	21.3166
98.748	21.3042
98.7632	21.2918
98.7784	21.2794
98.7936	21.267
98.8087	21.2546
98.8239	21.2422
98.8391	21.2297
98.8542	21.2173
98.8694	21.2048
98.8845	21.1924
98.8997	21.1799
98.9148	21.1674
98.93	21.155
98.9451	21.1425
98.9602	21.13
98.9754	21.1175
98.9905	21.105
99.0056	21.0925
99.0207	21.08
99.0358	21.0674
99.0509	21.0549
99.066	21.0423
99.0811	21.0298
99.0962	21.0172
99.1113	21.0047
99.1264	20.9921
99.1415	20.9795
99.1566	20.9669
99.1716	20.9544
99.1867	20.9418
99.2018	20.9292
99.2168	20.9165
99.2319	20.9039
99.2469	20.8913
99.262	20.8787
99.277	20.866
99.2921	20.8534
99.3071	20.8407
99.3221	20.828
99.3372	20.8154
99.3522	20.8027
99.3672	20.79
99.3822	20.7773
99.3972	20.7646
99.4122	20.7519
99.4273	20.7392
99.4422	20.7265
99.4572	20.7138
99.4722	20.701
99.4872	20.6883
99.5022	20.6755
99.5172	20.6628
99.5322	20.65
99.5471	20.6373
99.5621	20.6245
99.577	20.6117
99.592	20.5989
99.607	20.5861
99.6219	20.5733
99.6368	20.5605
99.6518	20.5477
99.6667	20.5349
99.6817	20.522
99.6966	20.5092
99.7115	20.4963
99.7264	20.4835
99.7413	20.4706
99.7563	20.4578
99.7712	20.4449
99.7861	20.432
99.801	20.4191
99.8159	20.4062
99.8307	20.3933
99.8456	20.3804
99.8605	20.3675
99.8754	20.3546
99.8903	20.3416
99.9051	20.3287
99.92	20.3157
99.9349	20.3028
99.9497	20.2898
99.9646	20.2769
99.9794	20.2639
99.9943	20.2509
100.009	20.2379
100.024	20.2249
100.039	20.2119
100.054	20.1989
100.068	20.1859
100.083	20.1729
100.098	20.1599
100.113	20.1468
100.128	20.1338
100.142	20.1207
100.157	20.1077
100.172	20.0946
100.187	20.0815
100.202	20.0685
100.216	20.0554
100.231	20.0423
100.246	20.0292
100.261	20.0161
100.276	20.003
100.29	19.9898
100.305	19.9767
100.32	19.9636
100.335	19.9504
100.349	19.9373
100.364	19.9241
100.379	19.911
100.394	19.8978
100.408	19.8846
100.423	19.8714
100.438	19.8582
100.452	19.845
100.467	19.8318
100.482	19.8186
100.497	19.8054
100.511	19.7922
100.526	19.779
100.541	19.7657
100.555	19.7525
100.57	19.7392
100.585	19.726
100.599	19.7127
100.614	19.6994
100.629	19.6861
100.643	19.6728
100.658	19.6596
100.673	19.6462
100.687	19.6329
100.702	19.6196
100.717	19.6063
100.731	19.593
100.746	19.5796
100.761	19.5663
100.775	19.5529
100.79	19.5396
100.804	19.5262
100.819	19.5128
100.834	19.4995
100.848	19.4861
100.863	19.4727
100.877	19.4593
100.892	19.4459
100.907	19.4325
100.921	19.4191
100.936	19.4056
100.95	19.3922
100.965	19.3788
100.979	19.3653
100.994	19.3519
101.009	19.3384
101.023	19.3249
101.038	19.3114
101.052	19.298
101.067	19.2845
101.081	19.271
101.096	19.2575
101.11	19.244
101.125	19.2305
101.139	19.2169
101.154	19.2034
101.169	19.1899
101.183	19.1763
101.198	19.1628
101.212	19.1492
101.227	19.1356
101.241	19.1221
101.256	19.1085
101.27	19.0949
101.285	19.0813
101.299	19.0677
101.313	19.0541
101.328	19.0405
101.342	19.0269
101.357	19.0133
101.371	18.9996
101.386	18.986
101.4	18.9723
101.415	18.9587
101.429	18.945
101.444	18.9313
101.458	18.9177
101.472	18.904
101.487	18.8903
101.501	18.8766
101.516	18.8629
101.53	18.8492
101.545	18.8355
101.559	18.8218
101.573	18.808
101.588	18.7943
101.602	18.7805
101.617	18.7668
101.631	18.753
101.645	18.7393
101.66	18.7255
101.674	18.7117
101.688	18.6979
101.703	18.6841
101.717	18.6703
101.732	18.6565
101.746	18.6427
101.76	18.6289
101.775	18.6151
101.789	18.6013
101.803	18.5874
101.818	18.5736
101.832	18.5597
101.846	18.5459
101.861	18.532
101.875	18.5181
101.889	18.5042
101.903	18.4903
101.918	18.4765
101.932	18.4626
101.946	18.4486
101.961	18.4347
101.975	18.4208
101.989	18.4069
102.004	18.3929
102.018	18.379
102.032	18.3651
102.046	18.3511
102.061	18.3371
102.075	18.3232
102.089	18.3092
102.103	18.2952
102.118	18.2812
102.132	18.2672
102.146	18.2532
102.16	18.2392
102.175	18.2252
102.189	18.2112
102.203	18.1971
102.217	18.1831
102.232	18.1691
102.246	18.155
102.26	18.141
102.274	18.1269
102.288	18.1128
102.303	18.0987
102.317	18.0847
102.331	18.0706
102.345	18.0565
102.359	18.0424
102.373	18.0283
102.388	18.0141
102.402	18
102.416	17.9859
102.43	17.9717
102.444	17.9576
102.458	17.9434
102.473	17.9293
102.487	17.9151
102.501	17.9009
102.515	17.8868
102.529	17.8726
102.543	17.8584
102.557	17.8442
102.572	17.83
102.586	17.8158
102.6	17.8016
102.614	17.7873
102.628	17.7731
102.642	17.7589
102.656	17.7446
102.67	17.7304
102.684	17.7161
102.698	17.7018
102.713	17.6876
102.727	17.6733
102.741	17.659
102.755	17.6447
102.769	17.6304
102.783	17.6161
102.797	17.6018
102.811	17.5874
102.825	17.5731
102.839	17.5588
102.853	17.5444
102.867	17.5301
102.881	17.5157
102.895	17.5014
102.909	17.487
102.923	17.4726
102.937	17.4583
102.951	17.4439
102.965	17.4295
102.979	17.4151
102.993	17.4007
103.007	17.3863
103.021	17.3718
103.035	17.3574
103.049	17.343
103.063	17.3285
103.077	17.3141
103.091	17.2996
103.105	17.2852
103.119	17.2707
103.133	17.2562
103.147	17.2417
103.161	17.2273
103.175	17.2128
103.189	17.1983
103.203	17.1837
103.217	17.1692
103.231	17.1547
103.245	17.1402
103.259	17.1256
103.273	17.1111
103.286	17.0966
103.3	17.082
103.314	17.0674
103.328	17.0529
103.342	17.0383
103.356	17.0237
103.37	17.0091
103.384	16.9945
103.398	16.9799
103.412	16.9653
103.425	16.9507
103.439	16.9361
103.453	16.9215
103.467	16.9068
103.481	16.8922
103.495	16.8775
103.509	16.8629
103.522	16.8482
103.536	16.8336
103.55	16.8189
103.564	16.8042
103.578	16.7895
103.592	16.7748
103.606	16.7601
103.619	16.7454
103.633	16.7307
103.647	16.716
103.661	16.7012
103.675	16.6865
103.688	16.6718
103.702	16.657
103.716	16.6423
103.73	16.6275
103.744	16.6127
103.757	16.598
103.771	16.5832
103.785	16.5684
103.799	16.5536
103.812	16.5388
103.826	16.524
103.84	16.5092
103.854	16.4944
103.868	16.4795
103.881	16.4647
103.895	16.4499
103.909	16.435
103.922	16.4202
103.936	16.4053
103.95	16.3904
103.964	16.3756
103.977	16.3607
103.991	16.3458
104.005	16.3309
104.019	16.316
104.032	16.3011
104.046	16.2862
104.06	16.2713
104.073	16.2563
104.087	16.2414
104.101	16.2265
104.114	16.2115
104.128	16.1966
104.142	16.1816
104.155	16.1666
104.169	16.1517
104.183	16.1367
104.196	16.1217
104.21	16.1067
104.224	16.0917
104.237	16.0767
104.251	16.0617
104.265	16.0467
104.278	16.0316
104.292	16.0166
104.306	16.0016
104.319	15.9865
104.333	15.9715
104.346	15.9564
104.36	15.9414
104.374	15.9263
104.387	15.9112
104.401	15.8961
104.414	15.881
104.428	15.8659
104.442	15.8508
104.455	15.8357
104.469	15.8206
104.482	15.8055
104.496	15.7904
104.509	15.7752
104.523	15.7601
104.537	15.7449
104.55	15.7298
104.564	15.7146
104.577	15.6995
104.591	15.6843
104.604	15.6691
104.618	15.6539
104.631	15.6387
104.645	15.6235
104.659	15.6083
104.672	15.5931
104.686	15.5779
104.699	15.5626
104.713	15.5474
104.726	15.5322
104.74	15.5169
104.753	15.5017
104.767	15.4864
104.78	15.4711
104.794	15.4559
104.807	15.4406
104.821	15.4253
104.834	15.41
104.847	15.3947
104.861	15.3794
104.874	15.3641
104.888	15.3488
104.901	15.3335
104.915	15.3181
104.928	15.3028
104.942	15.2874
104.955	15.2721
104.969	15.2567
104.982	15.2414
104.995	15.226
105.009	15.2106
105.022	15.1952
105.036	15.1799
105.049	15.1645
105.063	15.1491
105.076	15.1336
105.089	15.1182
105.103	15.1028
105.116	15.0874
105.129	15.0719
105.143	15.0565
105.156	15.0411
105.17	15.0256
105.183	15.0101
105.196	14.9947
105.21	14.9792
105.223	14.9637
105.236	14.9482
105.25	14.9327
105.263	14.9172
105.277	14.9017
105.29	14.8862
105.303	14.8707
105.317	14.8552
105.33	14.8396
105.343	14.8241
105.357	14.8086
105.37	14.793
105.383	14.7775
105.397	14.7619
105.41	14.7463
105.423	14.7307
105.436	14.7152
105.45	14.6996
105.463	14.684
105.476	14.6684
105.49	14.6528
105.503	14.6372
105.516	14.6215
105.529	14.6059
105.543	14.5903
105.556	14.5746
105.569	14.559
105.582	14.5433
105.596	14.5277
105.609	14.512
105.622	14.4963
105.636	14.4806
105.649	14.465
105.662	14.4493
105.675	14.4336
105.688	14.4179
105.702	14.4022
105.715	14.3864
105.728	14.3707
105.741	14.355
105.755	14.3392
105.768	14.3235
105.781	14.3078
105.794	14.292
105.807	14.2762
105.821	14.2605
105.834	14.2447
105.847	14.2289
105.86	14.2131
105.873	14.1973
105.886	14.1815
105.9	14.1657
105.913	14.1499
105.926	14.1341
105.939	14.1183
105.952	14.1024
105.965	14.0866
105.979	14.0707
105.992	14.0549
106.005	14.039
106.018	14.0232
106.031	14.0073
106.044	13.9914
106.057	13.9755
106.07	13.9596
106.084	13.9438
106.097	13.9279
106.11	13.9119
106.123	13.896
106.136	13.8801
106.149	13.8642
106.162	13.8482
106.175	13.8323
106.188	13.8164
106.201	13.8004
106.214	13.7844
106.228	13.7685
106.241	13.7525
106.254	13.7365
106.267	13.7205
106.28	13.7046
106.293	13.6886
106.306	13.6725
106.319	13.6565
106.332	13.6405
106.345	13.6245
106.358	13.6085
106.371	13.5924
106.384	13.5764
106.397	13.5603
106.41	13.5443
106.423	13.5282
106.436	13.5122
106.449	13.4961
106.462	13.48
106.475	13.4639
106.488	13.4478
106.501	13.4317
106.514	13.4156
106.527	13.3995
106.54	13.3834
106.553	13.3673
106.566	13.3511
106.579	13.335
106.592	13.3189
106.605	13.3027
106.618	13.2866
106.631	13.2704
106.644	13.2542
106.657	13.2381
106.67	13.2219
106.683	13.2057
106.696	13.1895
106.709	13.1733
106.722	13.1571
106.734	13.1409
106.747	13.1247
106.76	13.1084
106.773	13.0922
106.786	13.076
106.799	13.0597
106.812	13.0435
106.825	13.0272
106.838	13.011
106.851	12.9947
106.863	12.9784
106.876	12.9621
106.889	12.9459
106.902	12.9296
106.915	12.9133
106.928	12.897
106.941	12.8806
106.954	12.8643
106.966	12.848
106.979	12.8317
106.992	12.8153
107.005	12.799
107.018	12.7826
107.031	12.7663
107.043	12.7499
107.056	12.7336
107.069	12.7172
107.082	12.7008
107.095	12.6844
107.108	12.668
107.12	12.6516
107.133	12.6352
107.146	12.6188
107.159	12.6024
107.172	12.586
107.184	12.5695
107.197	12.5531
107.21	12.5366
107.223	12.5202
107.236	12.5037
107.248	12.4873
107.261	12.4708
107.274	12.4543
107.287	12.4379
107.299	12.4214
107.312	12.4049
107.325	12.3884
107.338	12.3719
107.35	12.3554
107.363	12.3388
107.376	12.3223
107.389	12.3058
107.401	12.2893
107.414	12.2727
107.427	12.2562
107.439	12.2396
107.452	12.223
107.465	12.2065
107.478	12.1899
107.49	12.1733
107.503	12.1567
107.516	12.1402
107.528	12.1236
107.541	12.107
107.554	12.0903
107.566	12.0737
107.579	12.0571
107.592	12.0405
107.604	12.0238
107.617	12.0072
107.63	11.9905
107.642	11.9739
107.655	11.9572
107.668	11.9406
107.68	11.9239
107.693	11.9072
107.706	11.8905
107.718	11.8738
107.731	11.8571
107.744	11.8404
107.756	11.8237
107.769	11.807
107.781	11.7903
107.794	11.7736
107.807	11.7568
107.819	11.7401
107.832	11.7234
107.844	11.7066
107.857	11.6898
107.87	11.6731
107.882	11.6563
107.895	11.6395
107.907	11.6227
107.92	11.606
107.933	11.5892
107.945	11.5724
107.958	11.5556
107.97	11.5387
107.983	11.5219
107.995	11.5051
108.008	11.4883
108.02	11.4714
108.033	11.4546
108.046	11.4377
108.058	11.4209
108.071	11.404
108.083	11.3871
108.096	11.3703
108.108	11.3534
108.121	11.3365
108.133	11.3196
108.146	11.3027
108.158	11.2858
108.171	11.2689
108.183	11.252
108.196	11.2351
108.208	11.2181
108.221	11.2012
108.233	11.1842
108.246	11.1673
108.258	11.1503
108.271	11.1334
108.283	11.1164
108.296	11.0994
108.308	11.0825
108.32	11.0655
108.333	11.0485
108.345	11.0315
108.358	11.0145
108.37	10.9975
108.383	10.9805
108.395	10.9635
108.408	10.9464
108.42	10.9294
108.432	10.9124
108.445	10.8953
108.457	10.8783
108.47	10.8612
108.482	10.8441
108.494	10.8271
108.507	10.81
108.519	10.7929
108.532	10.7758
108.544	10.7587
108.556	10.7416
108.569	10.7245
108.581	10.7074
108.594	10.6903
108.606	10.6732
108.618	10.656
108.631	10.6389
108.643	10.6218
108.655	10.6046
108.668	10.5875
108.68	10.5703
108.692	10.5531
108.705	10.536
108.717	10.5188
108.729	10.5016
108.742	10.4844
108.754	10.4672
108.766	10.45
108.779	10.4328
108.791	10.4156
108.803	10.3984
108.816	10.3811
108.828	10.3639
108.84	10.3467
108.853	10.3294
108.865	10.3122
108.877	10.2949
108.889	10.2777
108.902	10.2604
108.914	10.2431
108.926	10.2258
108.939	10.2085
108.951	10.1912
108.963	10.174
108.975	10.1566
108.988	10.1393
109	10.122
109.012	10.1047
109.024	10.0874
109.037	10.07
109.049	10.0527
109.061	10.0353
109.073	10.018
109.086	10.0006
109.098	9.98327
109.11	9.9659
109.122	9.94852
109.134	9.93114
109.147	9.91375
109.159	9.89635
109.171	9.87895
109.183	9.86155
109.195	9.84414
109.208	9.82672
109.22	9.80929
109.232	9.79186
109.244	9.77443
109.256	9.75698
109.269	9.73953
109.281	9.72208
109.293	9.70462
109.305	9.68715
109.317	9.66968
109.329	9.6522
109.342	9.63472
109.354	9.61723
109.366	9.59973
109.378	9.58223
109.39	9.56472
109.402	9.54721
109.414	9.52969
109.426	9.51216
109.439	9.49463
109.451	9.47709
109.463	9.45955
109.475	9.442
109.487	9.42444
109.499	9.40688
109.511	9.38932
109.523	9.37174
109.535	9.35416
109.548	9.33658
109.56	9.31899
109.572	9.30139
109.584	9.28379
109.596	9.26618
109.608	9.24856
109.62	9.23094
109.632	9.21331
109.644	9.19568
109.656	9.17804
109.668	9.1604
109.68	9.14275
109.692	9.12509
109.704	9.10743
109.716	9.08976
109.728	9.07209
109.74	9.05441
109.753	9.03672
109.765	9.01903
109.777	9.00133
109.789	8.98363
109.801	8.96592
109.813	8.9482
109.825	8.93048
109.837	8.91275
109.849	8.89502
109.861	8.87728
109.873	8.85954
109.885	8.84179
109.897	8.82403
109.909	8.80627
109.921	8.7885
109.933	8.77072
109.944	8.75294
109.956	8.73516
109.968	8.71737
109.98	8.69957
109.992	8.68176
110.004	8.66396
110.016	8.64614
110.028	8.62832
110.04	8.61049
110.052	8.59266
110.064	8.57482
110.076	8.55697
110.088	8.53912
110.1	8.52127
110.112	8.5034
110.124	8.48554
110.135	8.46766
110.147	8.44978
110.159	8.4319
110.171	8.414
110.183	8.39611
110.195	8.3782
110.207	8.36029
110.219	8.34238
110.231	8.32446
110.243	8.30653
110.254	8.2886
110.266	8.27066
110.278	8.25272
110.29	8.23477
110.302	8.21681
110.314	8.19885
110.326	8.18088
110.337	8.16291
110.349	8.14493
110.361	8.12694
110.373	8.10895
110.385	8.09095
110.397	8.07295
110.408	8.05494
110.42	8.03693
110.432	8.01891
110.444	8.00088
110.456	7.98285
110.468	7.96481
110.479	7.94677
110.491	7.92872
110.503	7.91066
110.515	7.8926
110.527	7.87454
110.538	7.85646
110.55	7.83839
110.562	7.8203
110.574	7.80221
110.585	7.78412
110.597	7.76601
110.609	7.74791
110.621	7.72979
110.633	7.71168
110.644	7.69355
110.656	7.67542
110.668	7.65728
110.68	7.63914
110.691	7.62099
110.703	7.60284
110.715	7.58468
110.726	7.56652
110.738	7.54834
110.75	7.53017
110.762	7.51198
110.773	7.4938
110.785	7.4756
110.797	7.4574
110.809	7.4392
110.82	7.42099
110.832	7.40277
110.844	7.38455
110.855	7.36632
110.867	7.34808
110.879	7.32984
110.89	7.3116
110.902	7.29334
110.914	7.27509
110.925	7.25682
110.937	7.23855
110.949	7.22028
110.96	7.202
110.972	7.18371
110.984	7.16542
110.995	7.14712
111.007	7.12882
111.019	7.11051
111.03	7.09219
111.042	7.07387
111.054	7.05555
111.065	7.03721
111.077	7.01888
111.088	7.00053
111.1	6.98218
111.112	6.96383
111.123	6.94547
111.135	6.9271
111.146	6.90873
111.158	6.89035
111.17	6.87196
111.181	6.85358
111.193	6.83518
111.204	6.81678
111.216	6.79837
111.228	6.77996
111.239	6.76154
111.251	6.74312
111.262	6.72469
111.274	6.70625
111.285	6.68781
111.297	6.66936
111.309	6.65091
111.32	6.63245
111.332	6.61399
111.343	6.59552
111.355	6.57704
111.366	6.55856
111.378	6.54008
111.389	6.52158
111.401	6.50309
111.412	6.48458
111.424	6.46607
111.435	6.44756
111.447	6.42904
111.458	6.41051
111.47	6.39198
111.481	6.37344
111.493	6.3549
111.504	6.33635
111.516	6.31779
111.527	6.29923
111.539	6.28066
111.55	6.26209
111.562	6.24351
111.573	6.22493
111.585	6.20634
111.596	6.18775
111.608	6.16915
111.619	6.15054
111.631	6.13193
111.642	6.11331
111.654	6.09469
111.665	6.07606
111.676	6.05742
111.688	6.03878
111.699	6.02014
111.711	6.00149
111.722	5.98283
111.734	5.96417
111.745	5.9455
111.756	5.92682
111.768	5.90814
111.779	5.88946
111.791	5.87077
111.802	5.85207
111.813	5.83337
111.825	5.81466
111.836	5.79595
111.848	5.77723
111.859	5.7585
111.87	5.73977
111.882	5.72104
111.893	5.7023
111.904	5.68355
111.916	5.66479
111.927	5.64604
111.939	5.62727
111.95	5.6085
111.961	5.58973
111.973	5.57095
111.984	5.55216
111.995	5.53337
112.007	5.51457
112.018	5.49576
112.029	5.47696
112.041	5.45814
112.052	5.43932
112.063	5.42049
112.075	5.40166
112.086	5.38283
112.097	5.36398
112.108	5.34513
112.12	5.32628
112.131	5.30742
112.142	5.28855
112.154	5.26968
112.165	5.25081
112.176	5.23193
112.188	5.21304
112.199	5.19414
112.21	5.17525
112.221	5.15634
112.233	5.13743
112.244	5.11852
112.255	5.09959
112.266	5.08067
112.278	5.06173
112.289	5.0428
112.3	5.02385
112.311	5.0049
112.323	4.98595
112.334	4.96699
112.345	4.94802
112.356	4.92905
112.368	4.91007
112.379	4.89109
112.39	4.8721
112.401	4.85311
112.412	4.83411
112.424	4.81511
112.435	4.7961
112.446	4.77708
112.457	4.75806
112.468	4.73903
112.48	4.72
112.491	4.70096
112.502	4.68192
112.513	4.66287
112.524	4.64381
112.536	4.62475
112.547	4.60569
112.558	4.58661
112.569	4.56754
112.58	4.54846
112.591	4.52937
112.603	4.51027
112.614	4.49117
112.625	4.47207
112.636	4.45296
112.647	4.43384
112.658	4.41472
112.669	4.3956
112.68	4.37646
112.692	4.35733
112.703	4.33818
112.714	4.31903
112.725	4.29988
112.736	4.28072
112.747	4.26155
112.758	4.24238
112.769	4.22321
112.78	4.20402
112.792	4.18484
112.803	4.16564
112.814	4.14644
112.825	4.12724
112.836	4.10803
112.847	4.08881
112.858	4.06959
112.869	4.05037
112.88	4.03114
112.891	4.0119
112.902	3.99266
112.913	3.97341
112.924	3.95415
112.935	3.9349
112.947	3.91563
112.958	3.89636
112.969	3.87709
112.98	3.8578
112.991	3.83852
113.002	3.81923
113.013	3.79993
113.024	3.78062
113.035	3.76132
113.046	3.742
113.057	3.72268
113.068	3.70336
113.079	3.68403
113.09	3.66469
113.101	3.64535
113.112	3.626
113.123	3.60665
113.134	3.58729
113.145	3.56793
113.156	3.54856
113.167	3.52919
113.178	3.50981
113.189	3.49042
113.2	3.47103
113.211	3.45164
113.221	3.43223
113.232	3.41283
113.243	3.39341
113.254	3.374
113.265	3.35457
113.276	3.33514
113.287	3.31571
113.298	3.29627
113.309	3.27683
113.32	3.25738
113.331	3.23792
113.342	3.21846
113.353	3.19899
113.364	3.17952
113.375	3.16004
113.385	3.14056
113.396	3.12107
113.407	3.10157
113.418	3.08208
113.429	3.06257
113.44	3.04306
113.451	3.02354
113.462	3.00402
113.473	2.9845
113.483	2.96496
113.494	2.94543
113.505	2.92588
113.516	2.90634
113.527	2.88678
113.538	2.86722
113.549	2.84766
113.559	2.82809
113.57	2.80851
113.581	2.78893
113.592	2.76935
113.603	2.74976
113.614	2.73016
113.625	2.71056
113.635	2.69095
113.646	2.67133
113.657	2.65172
113.668	2.63209
113.679	2.61246
113.689	2.59283
113.7	2.57319
113.711	2.55354
113.722	2.53389
113.733	2.51424
113.743	2.49457
113.754	2.47491
113.765	2.45523
113.776	2.43556
113.787	2.41587
113.797	2.39618
113.808	2.37649
113.819	2.35679
113.83	2.33709
113.84	2.31738
113.851	2.29766
113.862	2.27794
113.873	2.25821
113.883	2.23848
113.894	2.21875
113.905	2.199
113.916	2.17926
113.926	2.1595
113.937	2.13974
113.948	2.11998
113.959	2.10021
113.969	2.08044
113.98	2.06066
113.991	2.04087
114.001	2.02108
114.012	2.00128
114.023	1.98148
114.034	1.96168
114.044	1.94187
114.055	1.92205
114.066	1.90223
114.076	1.8824
114.087	1.86256
114.098	1.84273
114.108	1.82288
114.119	1.80303
114.13	1.78318
114.14	1.76332
114.151	1.74345
114.162	1.72358
114.172	1.70371
114.183	1.68382
114.194	1.66394
114.204	1.64405
114.215	1.62415
114.226	1.60425
114.236	1.58434
114.247	1.56443
114.257	1.54451
114.268	1.52458
114.279	1.50465
114.289	1.48472
114.3	1.46478
114.311	1.44483
114.321	1.42488
114.332	1.40493
114.342	1.38497
114.353	1.365
114.364	1.34503
114.374	1.32505
114.385	1.30507
114.395	1.28508
114.406	1.26509
114.416	1.24509
114.427	1.22509
114.438	1.20508
114.448	1.18507
114.459	1.16505
114.469	1.14502
114.48	1.12499
114.49	1.10496
114.501	1.08492
114.512	1.06487
114.522	1.04482
114.533	1.02476
114.543	1.0047
114.554	0.984636
114.564	0.964564
114.575	0.944486
114.585	0.924404
114.596	0.904316
114.606	0.884223
114.617	0.864124
114.627	0.844021
114.638	0.823912
114.648	0.803797
114.659	0.783678
114.669	0.763553
114.68	0.743423
114.69	0.723288
114.701	0.703148
114.711	0.683002
114.722	0.662851
114.732	0.642695
114.743	0.622533
114.753	0.602366
114.764	0.582194
114.774	0.562017
114.785	0.541835
114.795	0.521647
114.805	0.501454
114.816	0.481256
114.826	0.461052
114.837	0.440844
114.847	0.42063
114.858	0.400411
114.868	0.380186
114.879	0.359957
114.889	0.339722
114.899	0.319482
114.91	0.299237
114.92	0.278986
114.931	0.25873
114.941	0.238469
114.951	0.218203
114.962	0.197932
114.972	0.177655
114.983	0.157373
114.993	0.137086
115.003	0.116794
115.014	0.0964966
115.024	0.0761939
115.035	0.055886
115.045	0.0355729
115.055	0.0152546
